flowCode,reporterCode,reporterISO,partnerCode,partnerISO,cmdCode,cmdDesc,qtyUnitAbbr,qty,fobvalue
M,340,HND,0,W00,06,"Trees and other plants, live; bulbs, roots and the like; cut flowers and ornamental foliage",N/A,,
M,340,HND,0,W00,08,"Fruit and nuts, edible; peel of citrus fruit or melons",N/A,,
M,340,HND,0,W00,07,Vegetables and certain roots and tubers; edible,N/A,,
M,340,HND,0,W00,05,Animal originated products; not elsewhere specified or included,N/A,,
M,340,HND,0,W00,04,"Dairy produce; birds' eggs; natural honey; edible products of animal origin, not elsewhere specified or included",N/A,,
M,340,HND,0,W00,17,Sugars and sugar confectionery,N/A,,
M,340,HND,0,W00,12,"Oil seeds and oleaginous fruits; miscellaneous grains, seeds and fruit, industrial or medicinal plants; straw and fodder",N/A,,
M,340,HND,0,W00,13,"Lac; gums, resins and other vegetable saps and extracts",N/A,,
M,340,HND,0,W00,14,Vegetable plaiting materials; vegetable products not elsewhere specified or included,N/A,,
M,340,HND,0,W00,15,Animal or vegetable fats and oils and their cleavage products; prepared animal fats; animal or vegetable waxes,N/A,,
M,340,HND,0,W00,16,"Meat, fish or crustaceans, molluscs or other aquatic invertebrates; preparations thereof",N/A,,
M,340,HND,0,W00,03,"Fish and crustaceans, molluscs and other aquatic invertebrates",N/A,,
M,340,HND,0,W00,02,Meat and edible meat offal,N/A,,
M,340,HND,0,W00,01,Animals; live,N/A,,
M,340,HND,0,W00,18,Cocoa and cocoa preparations,N/A,,
M,340,HND,0,W00,11,"Products of the milling industry; malt, starches, inulin, wheat gluten",N/A,,
M,340,HND,0,W00,10,Cereals,N/A,,
M,340,HND,0,W00,09,"Coffee, tea, mate and spices",N/A,,
M,340,HND,0,W00,19,"Preparations of cereals, flour, starch or milk; pastrycooks' products",N/A,,
M,340,HND,0,W00,20,"Preparations of vegetables, fruit, nuts or other parts of plants",N/A,,
M,340,HND,0,W00,21,Miscellaneous edible preparations,N/A,,
M,340,HND,0,W00,22,"Beverages, spirits and vinegar",N/A,,
M,340,HND,0,W00,23,"Food industries, residues and wastes thereof; prepared animal fodder",N/A,,
M,340,HND,0,W00,24,Tobacco and manufactured tobacco substitutes,N/A,,
M,340,HND,0,W00,25,"Salt; sulphur; earths, stone; plastering materials, lime and cement",N/A,,
M,340,HND,0,W00,26,"Ores, slag and ash",N/A,,
M,340,HND,0,W00,27,"Mineral fuels, mineral oils and products of their distillation; bituminous substances; mineral waxes",N/A,,
M,340,HND,0,W00,29,Organic chemicals,N/A,,
M,340,HND,0,W00,28,"Inorganic chemicals; organic and inorganic compounds of precious metals; of rare earth metals, of radio-active elements and of isotopes",N/A,,
M,340,HND,0,W00,30,Pharmaceutical products,N/A,,
M,340,HND,0,W00,31,Fertilizers,N/A,,
M,340,HND,0,W00,32,"Tanning or dyeing extracts; tannins and their derivatives; dyes, pigments and other colouring matter; paints, varnishes; putty, other mastics; inks",N/A,,
M,340,HND,0,W00,33,"Essential oils and resinoids; perfumery, cosmetic or toilet preparations",N/A,,
M,340,HND,0,W00,34,"Soap, organic surface-active agents; washing, lubricating, polishing or scouring preparations; artificial or prepared waxes, candles and similar articles, modelling pastes, dental waxes and dental preparations with a basis of plaster",N/A,,
M,340,HND,0,W00,36,Explosives; pyrotechnic products; matches; pyrophoric alloys; certain combustible preparations,N/A,,
M,340,HND,0,W00,38,Chemical products n.e.c.,N/A,,
M,340,HND,0,W00,39,Plastics and articles thereof,N/A,,
M,340,HND,0,W00,40,Rubber and articles thereof,N/A,,
M,340,HND,0,W00,41,Raw hides and skins (other than furskins) and leather,N/A,,
M,340,HND,0,W00,35,Albuminoidal substances; modified starches; glues; enzymes,N/A,,
M,340,HND,0,W00,42,"Articles of leather; saddlery and harness; travel goods, handbags and similar containers; articles of animal gut (other than silk-worm gut)",N/A,,
M,340,HND,0,W00,37,Photographic or cinematographic goods,N/A,,
M,340,HND,0,W00,43,Furskins and artificial fur; manufactures thereof,N/A,,
M,340,HND,0,W00,44,Wood and articles of wood; wood charcoal,N/A,,
M,340,HND,0,W00,45,Cork and articles of cork,N/A,,
M,340,HND,0,W00,46,"Manufactures of straw, esparto or other plaiting materials; basketware and wickerwork",N/A,,
M,340,HND,0,W00,47,Pulp of wood or other fibrous cellulosic material; recovered (waste and scrap) paper or paperboard,N/A,,
M,340,HND,0,W00,48,"Paper and paperboard; articles of paper pulp, of paper or paperboard",N/A,,
M,340,HND,0,W00,49,"Printed books, newspapers, pictures and other products of the printing industry; manuscripts, typescripts and plans",N/A,,
M,340,HND,0,W00,50,Silk,N/A,,
M,340,HND,0,W00,51,"Wool, fine or coarse animal hair; horsehair yarn and woven fabric",N/A,,
M,340,HND,0,W00,52,Cotton,N/A,,
M,340,HND,0,W00,53,Vegetable textile fibres; paper yarn and woven fabrics of paper yarn,N/A,,
M,340,HND,0,W00,54,Man-made filaments; strip and the like of man-made textile materials,N/A,,
M,340,HND,0,W00,55,Man-made staple fibres,N/A,,
M,340,HND,0,W00,56,"Wadding, felt and nonwovens, special yarns; twine, cordage, ropes and cables and articles thereof",N/A,,
M,340,HND,0,W00,57,Carpets and other textile floor coverings,N/A,,
M,340,HND,0,W00,58,"Fabrics; special woven fabrics, tufted textile fabrics, lace, tapestries, trimmings, embroidery",N/A,,
M,340,HND,0,W00,64,Footwear; gaiters and the like; parts of such articles,N/A,,
M,340,HND,0,W00,61,Apparel and clothing accessories; knitted or crocheted,N/A,,
M,340,HND,0,W00,62,Apparel and clothing accessories; not knitted or crocheted,N/A,,
M,340,HND,0,W00,71,"Natural, cultured pearls; precious, semi-precious stones; precious metals, metals clad with precious metal, and articles thereof; imitation jewellery; coin",N/A,,
M,340,HND,0,W00,59,"Textile fabrics; impregnated, coated, covered or laminated; textile articles of a kind suitable for industrial use",N/A,,
M,340,HND,0,W00,60,Fabrics; knitted or crocheted,N/A,,
M,340,HND,0,W00,66,"Umbrellas, sun umbrellas, walking-sticks, seat sticks, whips, riding crops; and parts thereof",N/A,,
M,340,HND,0,W00,67,"Feathers and down, prepared; and articles made of feather or of down; artificial flowers; articles of human hair",N/A,,
M,340,HND,0,W00,68,"Stone, plaster, cement, asbestos, mica or similar materials; articles thereof",N/A,,
M,340,HND,0,W00,69,Ceramic products,N/A,,
M,340,HND,0,W00,70,Glass and glassware,N/A,,
M,340,HND,0,W00,63,"Textiles, made up articles; sets; worn clothing and worn textile articles; rags",N/A,,
M,340,HND,0,W00,72,Iron and steel,N/A,,
M,340,HND,0,W00,65,Headgear and parts thereof,N/A,,
M,340,HND,0,W00,73,Iron or steel articles,N/A,,
M,340,HND,0,W00,74,Copper and articles thereof,N/A,,
M,340,HND,0,W00,75,Nickel and articles thereof,N/A,,
M,340,HND,0,W00,76,Aluminium and articles thereof,N/A,,
M,340,HND,0,W00,78,Lead and articles thereof,N/A,,
M,340,HND,0,W00,79,Zinc and articles thereof,N/A,,
M,340,HND,0,W00,80,Tin; articles thereof,N/A,,
M,340,HND,0,W00,81,"Metals; n.e.c., cermets and articles thereof",N/A,,
M,340,HND,0,W00,82,"Tools, implements, cutlery, spoons and forks, of base metal; parts thereof, of base metal",N/A,,
M,340,HND,0,W00,83,Metal; miscellaneous products of base metal,N/A,,
M,340,HND,0,W00,84,"Nuclear reactors, boilers, machinery and mechanical appliances; parts thereof",N/A,,
M,340,HND,0,W00,85,"Electrical machinery and equipment and parts thereof; sound recorders and reproducers; television image and sound recorders and reproducers, parts and accessories of such articles",N/A,,
M,340,HND,0,W00,86,"Railway, tramway locomotives, rolling-stock and parts thereof; railway or tramway track fixtures and fittings and parts thereof; mechanical (including electro-mechanical) traffic signalling equipment of all kinds",N/A,,
M,340,HND,0,W00,87,"Vehicles; other than railway or tramway rolling stock, and parts and accessories thereof",N/A,,
M,340,HND,0,W00,88,"Aircraft, spacecraft and parts thereof",N/A,,
M,340,HND,0,W00,89,"Ships, boats and floating structures",N/A,,
M,340,HND,0,W00,90,"Optical, photographic, cinematographic, measuring, checking, medical or surgical instruments and apparatus; parts and accessories",N/A,,
M,340,HND,0,W00,91,Clocks and watches and parts thereof,N/A,,
M,340,HND,0,W00,92,Musical instruments; parts and accessories of such articles,N/A,,
M,340,HND,0,W00,93,Arms and ammunition; parts and accessories thereof,N/A,,
M,340,HND,0,W00,94,"Furniture; bedding, mattresses, mattress supports, cushions and similar stuffed furnishings; lamps and lighting fittings, n.e.c.; illuminated signs, illuminated name-plates and the like; prefabricated buildings",N/A,,
M,340,HND,0,W00,95,"Toys, games and sports requisites; parts and accessories thereof",N/A,,
M,340,HND,0,W00,96,Miscellaneous manufactured articles,N/A,,
M,340,HND,32,ARG,59,"Textile fabrics; impregnated, coated, covered or laminated; textile articles of a kind suitable for industrial use",N/A,,
M,340,HND,0,W00,97,Works of art; collectors' pieces and antiques,N/A,,
M,340,HND,4,AFG,61,Apparel and clothing accessories; knitted or crocheted,N/A,,
M,340,HND,20,AND,30,Pharmaceutical products,N/A,,
M,340,HND,20,AND,69,Ceramic products,N/A,,
M,340,HND,32,ARG,09,"Coffee, tea, mate and spices",N/A,,
M,340,HND,32,ARG,10,Cereals,N/A,,
M,340,HND,32,ARG,12,"Oil seeds and oleaginous fruits; miscellaneous grains, seeds and fruit, industrial or medicinal plants; straw and fodder",N/A,,
M,340,HND,32,ARG,15,Animal or vegetable fats and oils and their cleavage products; prepared animal fats; animal or vegetable waxes,N/A,,
M,340,HND,32,ARG,17,Sugars and sugar confectionery,N/A,,
M,340,HND,32,ARG,18,Cocoa and cocoa preparations,N/A,,
M,340,HND,32,ARG,19,"Preparations of cereals, flour, starch or milk; pastrycooks' products",N/A,,
M,340,HND,32,ARG,20,"Preparations of vegetables, fruit, nuts or other parts of plants",N/A,,
M,340,HND,32,ARG,21,Miscellaneous edible preparations,N/A,,
M,340,HND,32,ARG,22,"Beverages, spirits and vinegar",N/A,,
M,340,HND,32,ARG,23,"Food industries, residues and wastes thereof; prepared animal fodder",N/A,,
M,340,HND,32,ARG,27,"Mineral fuels, mineral oils and products of their distillation; bituminous substances; mineral waxes",N/A,,
M,340,HND,32,ARG,28,"Inorganic chemicals; organic and inorganic compounds of precious metals; of rare earth metals, of radio-active elements and of isotopes",N/A,,
M,340,HND,32,ARG,29,Organic chemicals,N/A,,
M,340,HND,32,ARG,30,Pharmaceutical products,N/A,,
M,340,HND,32,ARG,32,"Tanning or dyeing extracts; tannins and their derivatives; dyes, pigments and other colouring matter; paints, varnishes; putty, other mastics; inks",N/A,,
M,340,HND,32,ARG,33,"Essential oils and resinoids; perfumery, cosmetic or toilet preparations",N/A,,
M,340,HND,32,ARG,34,"Soap, organic surface-active agents; washing, lubricating, polishing or scouring preparations; artificial or prepared waxes, candles and similar articles, modelling pastes, dental waxes and dental preparations with a basis of plaster",N/A,,
M,340,HND,32,ARG,40,Rubber and articles thereof,N/A,,
M,340,HND,32,ARG,41,Raw hides and skins (other than furskins) and leather,N/A,,
M,340,HND,32,ARG,42,"Articles of leather; saddlery and harness; travel goods, handbags and similar containers; articles of animal gut (other than silk-worm gut)",N/A,,
M,340,HND,32,ARG,44,Wood and articles of wood; wood charcoal,N/A,,
M,340,HND,32,ARG,45,Cork and articles of cork,N/A,,
M,340,HND,32,ARG,48,"Paper and paperboard; articles of paper pulp, of paper or paperboard",N/A,,
M,340,HND,32,ARG,49,"Printed books, newspapers, pictures and other products of the printing industry; manuscripts, typescripts and plans",N/A,,
M,340,HND,32,ARG,87,"Vehicles; other than railway or tramway rolling stock, and parts and accessories thereof",N/A,,
M,340,HND,32,ARG,57,Carpets and other textile floor coverings,N/A,,
M,340,HND,32,ARG,60,Fabrics; knitted or crocheted,N/A,,
M,340,HND,32,ARG,61,Apparel and clothing accessories; knitted or crocheted,N/A,,
M,340,HND,32,ARG,62,Apparel and clothing accessories; not knitted or crocheted,N/A,,
M,340,HND,24,AGO,27,"Mineral fuels, mineral oils and products of their distillation; bituminous substances; mineral waxes",N/A,,
M,340,HND,32,ARG,07,Vegetables and certain roots and tubers; edible,N/A,,
M,340,HND,32,ARG,08,"Fruit and nuts, edible; peel of citrus fruit or melons",N/A,,
M,340,HND,32,ARG,65,Headgear and parts thereof,N/A,,
M,340,HND,32,ARG,66,"Umbrellas, sun umbrellas, walking-sticks, seat sticks, whips, riding crops; and parts thereof",N/A,,
M,340,HND,32,ARG,67,"Feathers and down, prepared; and articles made of feather or of down; artificial flowers; articles of human hair",N/A,,
M,340,HND,32,ARG,70,Glass and glassware,N/A,,
M,340,HND,32,ARG,71,"Natural, cultured pearls; precious, semi-precious stones; precious metals, metals clad with precious metal, and articles thereof; imitation jewellery; coin",N/A,,
M,340,HND,32,ARG,73,Iron or steel articles,N/A,,
M,340,HND,32,ARG,74,Copper and articles thereof,N/A,,
M,340,HND,32,ARG,76,Aluminium and articles thereof,N/A,,
M,340,HND,32,ARG,82,"Tools, implements, cutlery, spoons and forks, of base metal; parts thereof, of base metal",N/A,,
M,340,HND,36,AUS,42,"Articles of leather; saddlery and harness; travel goods, handbags and similar containers; articles of animal gut (other than silk-worm gut)",N/A,,
M,340,HND,36,AUS,49,"Printed books, newspapers, pictures and other products of the printing industry; manuscripts, typescripts and plans",N/A,,
M,340,HND,32,ARG,83,Metal; miscellaneous products of base metal,N/A,,
M,340,HND,32,ARG,84,"Nuclear reactors, boilers, machinery and mechanical appliances; parts thereof",N/A,,
M,340,HND,32,ARG,35,Albuminoidal substances; modified starches; glues; enzymes,N/A,,
M,340,HND,32,ARG,37,Photographic or cinematographic goods,N/A,,
M,340,HND,40,AUT,04,"Dairy produce; birds' eggs; natural honey; edible products of animal origin, not elsewhere specified or included",N/A,,
M,340,HND,40,AUT,20,"Preparations of vegetables, fruit, nuts or other parts of plants",N/A,,
M,340,HND,32,ARG,38,Chemical products n.e.c.,N/A,,
M,340,HND,32,ARG,39,Plastics and articles thereof,N/A,,
M,340,HND,32,ARG,85,"Electrical machinery and equipment and parts thereof; sound recorders and reproducers; television image and sound recorders and reproducers, parts and accessories of such articles",N/A,,
M,340,HND,40,AUT,68,"Stone, plaster, cement, asbestos, mica or similar materials; articles thereof",N/A,,
M,340,HND,32,ARG,88,"Aircraft, spacecraft and parts thereof",N/A,,
M,340,HND,32,ARG,90,"Optical, photographic, cinematographic, measuring, checking, medical or surgical instruments and apparatus; parts and accessories",N/A,,
M,340,HND,32,ARG,63,"Textiles, made up articles; sets; worn clothing and worn textile articles; rags",N/A,,
M,340,HND,32,ARG,64,Footwear; gaiters and the like; parts of such articles,N/A,,
M,340,HND,32,ARG,95,"Toys, games and sports requisites; parts and accessories thereof",N/A,,
M,340,HND,32,ARG,96,Miscellaneous manufactured articles,N/A,,
M,340,HND,32,ARG,97,Works of art; collectors' pieces and antiques,N/A,,
M,340,HND,36,AUS,02,Meat and edible meat offal,N/A,,
M,340,HND,36,AUS,04,"Dairy produce; birds' eggs; natural honey; edible products of animal origin, not elsewhere specified or included",N/A,,
M,340,HND,36,AUS,19,"Preparations of cereals, flour, starch or milk; pastrycooks' products",N/A,,
M,340,HND,36,AUS,28,"Inorganic chemicals; organic and inorganic compounds of precious metals; of rare earth metals, of radio-active elements and of isotopes",N/A,,
M,340,HND,36,AUS,30,Pharmaceutical products,N/A,,
M,340,HND,36,AUS,32,"Tanning or dyeing extracts; tannins and their derivatives; dyes, pigments and other colouring matter; paints, varnishes; putty, other mastics; inks",N/A,,
M,340,HND,36,AUS,38,Chemical products n.e.c.,N/A,,
M,340,HND,36,AUS,39,Plastics and articles thereof,N/A,,
M,340,HND,36,AUS,40,Rubber and articles thereof,N/A,,
M,340,HND,36,AUS,62,Apparel and clothing accessories; not knitted or crocheted,N/A,,
M,340,HND,36,AUS,63,"Textiles, made up articles; sets; worn clothing and worn textile articles; rags",N/A,,
M,340,HND,36,AUS,71,"Natural, cultured pearls; precious, semi-precious stones; precious metals, metals clad with precious metal, and articles thereof; imitation jewellery; coin",N/A,,
M,340,HND,36,AUS,72,Iron and steel,N/A,,
M,340,HND,36,AUS,73,Iron or steel articles,N/A,,
M,340,HND,36,AUS,76,Aluminium and articles thereof,N/A,,
M,340,HND,36,AUS,82,"Tools, implements, cutlery, spoons and forks, of base metal; parts thereof, of base metal",N/A,,
M,340,HND,36,AUS,83,Metal; miscellaneous products of base metal,N/A,,
M,340,HND,36,AUS,84,"Nuclear reactors, boilers, machinery and mechanical appliances; parts thereof",N/A,,
M,340,HND,36,AUS,87,"Vehicles; other than railway or tramway rolling stock, and parts and accessories thereof",N/A,,
M,340,HND,36,AUS,88,"Aircraft, spacecraft and parts thereof",N/A,,
M,340,HND,36,AUS,90,"Optical, photographic, cinematographic, measuring, checking, medical or surgical instruments and apparatus; parts and accessories",N/A,,
M,340,HND,44,BHS,83,Metal; miscellaneous products of base metal,N/A,,
M,340,HND,36,AUS,95,"Toys, games and sports requisites; parts and accessories thereof",N/A,,
M,340,HND,36,AUS,96,Miscellaneous manufactured articles,N/A,,
M,340,HND,40,AUT,22,"Beverages, spirits and vinegar",N/A,,
M,340,HND,40,AUT,27,"Mineral fuels, mineral oils and products of their distillation; bituminous substances; mineral waxes",N/A,,
M,340,HND,40,AUT,28,"Inorganic chemicals; organic and inorganic compounds of precious metals; of rare earth metals, of radio-active elements and of isotopes",N/A,,
M,340,HND,40,AUT,29,Organic chemicals,N/A,,
M,340,HND,40,AUT,30,Pharmaceutical products,N/A,,
M,340,HND,40,AUT,33,"Essential oils and resinoids; perfumery, cosmetic or toilet preparations",N/A,,
M,340,HND,40,AUT,34,"Soap, organic surface-active agents; washing, lubricating, polishing or scouring preparations; artificial or prepared waxes, candles and similar articles, modelling pastes, dental waxes and dental preparations with a basis of plaster",N/A,,
M,340,HND,40,AUT,37,Photographic or cinematographic goods,N/A,,
M,340,HND,40,AUT,38,Chemical products n.e.c.,N/A,,
M,340,HND,40,AUT,39,Plastics and articles thereof,N/A,,
M,340,HND,40,AUT,40,Rubber and articles thereof,N/A,,
M,340,HND,40,AUT,42,"Articles of leather; saddlery and harness; travel goods, handbags and similar containers; articles of animal gut (other than silk-worm gut)",N/A,,
M,340,HND,40,AUT,48,"Paper and paperboard; articles of paper pulp, of paper or paperboard",N/A,,
M,340,HND,40,AUT,49,"Printed books, newspapers, pictures and other products of the printing industry; manuscripts, typescripts and plans",N/A,,
M,340,HND,40,AUT,62,Apparel and clothing accessories; not knitted or crocheted,N/A,,
M,340,HND,40,AUT,63,"Textiles, made up articles; sets; worn clothing and worn textile articles; rags",N/A,,
M,340,HND,52,BRB,87,"Vehicles; other than railway or tramway rolling stock, and parts and accessories thereof",N/A,,
M,340,HND,56,BEL,07,Vegetables and certain roots and tubers; edible,N/A,,
M,340,HND,40,AUT,64,Footwear; gaiters and the like; parts of such articles,N/A,,
M,340,HND,40,AUT,65,Headgear and parts thereof,N/A,,
M,340,HND,40,AUT,70,Glass and glassware,N/A,,
M,340,HND,40,AUT,72,Iron and steel,N/A,,
M,340,HND,40,AUT,73,Iron or steel articles,N/A,,
M,340,HND,40,AUT,74,Copper and articles thereof,N/A,,
M,340,HND,40,AUT,76,Aluminium and articles thereof,N/A,,
M,340,HND,40,AUT,82,"Tools, implements, cutlery, spoons and forks, of base metal; parts thereof, of base metal",N/A,,
M,340,HND,32,ARG,91,Clocks and watches and parts thereof,N/A,,
M,340,HND,40,AUT,83,Metal; miscellaneous products of base metal,N/A,,
M,340,HND,32,ARG,93,Arms and ammunition; parts and accessories thereof,N/A,,
M,340,HND,32,ARG,94,"Furniture; bedding, mattresses, mattress supports, cushions and similar stuffed furnishings; lamps and lighting fittings, n.e.c.; illuminated signs, illuminated name-plates and the like; prefabricated buildings",N/A,,
M,340,HND,56,BEL,33,"Essential oils and resinoids; perfumery, cosmetic or toilet preparations",N/A,,
M,340,HND,40,AUT,85,"Electrical machinery and equipment and parts thereof; sound recorders and reproducers; television image and sound recorders and reproducers, parts and accessories of such articles",N/A,,
M,340,HND,40,AUT,87,"Vehicles; other than railway or tramway rolling stock, and parts and accessories thereof",N/A,,
M,340,HND,40,AUT,90,"Optical, photographic, cinematographic, measuring, checking, medical or surgical instruments and apparatus; parts and accessories",N/A,,
M,340,HND,56,BEL,49,"Printed books, newspapers, pictures and other products of the printing industry; manuscripts, typescripts and plans",N/A,,
M,340,HND,40,AUT,94,"Furniture; bedding, mattresses, mattress supports, cushions and similar stuffed furnishings; lamps and lighting fittings, n.e.c.; illuminated signs, illuminated name-plates and the like; prefabricated buildings",N/A,,
M,340,HND,40,AUT,96,Miscellaneous manufactured articles,N/A,,
M,340,HND,36,AUS,85,"Electrical machinery and equipment and parts thereof; sound recorders and reproducers; television image and sound recorders and reproducers, parts and accessories of such articles",N/A,,
M,340,HND,40,AUT,97,Works of art; collectors' pieces and antiques,N/A,,
M,340,HND,44,BHS,27,"Mineral fuels, mineral oils and products of their distillation; bituminous substances; mineral waxes",N/A,,
M,340,HND,44,BHS,62,Apparel and clothing accessories; not knitted or crocheted,N/A,,
M,340,HND,44,BHS,82,"Tools, implements, cutlery, spoons and forks, of base metal; parts thereof, of base metal",N/A,,
M,340,HND,50,BGD,24,Tobacco and manufactured tobacco substitutes,N/A,,
M,340,HND,50,BGD,30,Pharmaceutical products,N/A,,
M,340,HND,50,BGD,39,Plastics and articles thereof,N/A,,
M,340,HND,50,BGD,42,"Articles of leather; saddlery and harness; travel goods, handbags and similar containers; articles of animal gut (other than silk-worm gut)",N/A,,
M,340,HND,50,BGD,61,Apparel and clothing accessories; knitted or crocheted,N/A,,
M,340,HND,56,BEL,83,Metal; miscellaneous products of base metal,N/A,,
M,340,HND,50,BGD,62,Apparel and clothing accessories; not knitted or crocheted,N/A,,
M,340,HND,50,BGD,63,"Textiles, made up articles; sets; worn clothing and worn textile articles; rags",N/A,,
M,340,HND,50,BGD,65,Headgear and parts thereof,N/A,,
M,340,HND,52,BRB,32,"Tanning or dyeing extracts; tannins and their derivatives; dyes, pigments and other colouring matter; paints, varnishes; putty, other mastics; inks",N/A,,
M,340,HND,52,BRB,38,Chemical products n.e.c.,N/A,,
M,340,HND,52,BRB,73,Iron or steel articles,N/A,,
M,340,HND,52,BRB,84,"Nuclear reactors, boilers, machinery and mechanical appliances; parts thereof",N/A,,
M,340,HND,56,BEL,09,"Coffee, tea, mate and spices",N/A,,
M,340,HND,56,BEL,15,Animal or vegetable fats and oils and their cleavage products; prepared animal fats; animal or vegetable waxes,N/A,,
M,340,HND,56,BEL,17,Sugars and sugar confectionery,N/A,,
M,340,HND,56,BEL,18,Cocoa and cocoa preparations,N/A,,
M,340,HND,56,BEL,19,"Preparations of cereals, flour, starch or milk; pastrycooks' products",N/A,,
M,340,HND,56,BEL,20,"Preparations of vegetables, fruit, nuts or other parts of plants",N/A,,
M,340,HND,56,BEL,21,Miscellaneous edible preparations,N/A,,
M,340,HND,56,BEL,22,"Beverages, spirits and vinegar",N/A,,
M,340,HND,56,BEL,23,"Food industries, residues and wastes thereof; prepared animal fodder",N/A,,
M,340,HND,56,BEL,24,Tobacco and manufactured tobacco substitutes,N/A,,
M,340,HND,56,BEL,25,"Salt; sulphur; earths, stone; plastering materials, lime and cement",N/A,,
M,340,HND,56,BEL,27,"Mineral fuels, mineral oils and products of their distillation; bituminous substances; mineral waxes",N/A,,
M,340,HND,56,BEL,28,"Inorganic chemicals; organic and inorganic compounds of precious metals; of rare earth metals, of radio-active elements and of isotopes",N/A,,
M,340,HND,56,BEL,29,Organic chemicals,N/A,,
M,340,HND,56,BEL,30,Pharmaceutical products,N/A,,
M,340,HND,40,AUT,84,"Nuclear reactors, boilers, machinery and mechanical appliances; parts thereof",N/A,,
M,340,HND,68,BOL,42,"Articles of leather; saddlery and harness; travel goods, handbags and similar containers; articles of animal gut (other than silk-worm gut)",N/A,,
M,340,HND,68,BOL,61,Apparel and clothing accessories; knitted or crocheted,N/A,,
M,340,HND,68,BOL,62,Apparel and clothing accessories; not knitted or crocheted,N/A,,
M,340,HND,68,BOL,63,"Textiles, made up articles; sets; worn clothing and worn textile articles; rags",N/A,,
M,340,HND,68,BOL,65,Headgear and parts thereof,N/A,,
M,340,HND,56,BEL,31,Fertilizers,N/A,,
M,340,HND,56,BEL,32,"Tanning or dyeing extracts; tannins and their derivatives; dyes, pigments and other colouring matter; paints, varnishes; putty, other mastics; inks",N/A,,
M,340,HND,56,BEL,34,"Soap, organic surface-active agents; washing, lubricating, polishing or scouring preparations; artificial or prepared waxes, candles and similar articles, modelling pastes, dental waxes and dental preparations with a basis of plaster",N/A,,
M,340,HND,56,BEL,35,Albuminoidal substances; modified starches; glues; enzymes,N/A,,
M,340,HND,56,BEL,39,Plastics and articles thereof,N/A,,
M,340,HND,56,BEL,40,Rubber and articles thereof,N/A,,
M,340,HND,56,BEL,42,"Articles of leather; saddlery and harness; travel goods, handbags and similar containers; articles of animal gut (other than silk-worm gut)",N/A,,
M,340,HND,56,BEL,44,Wood and articles of wood; wood charcoal,N/A,,
M,340,HND,56,BEL,48,"Paper and paperboard; articles of paper pulp, of paper or paperboard",N/A,,
M,340,HND,56,BEL,52,Cotton,N/A,,
M,340,HND,56,BEL,62,Apparel and clothing accessories; not knitted or crocheted,N/A,,
M,340,HND,56,BEL,63,"Textiles, made up articles; sets; worn clothing and worn textile articles; rags",N/A,,
M,340,HND,56,BEL,68,"Stone, plaster, cement, asbestos, mica or similar materials; articles thereof",N/A,,
M,340,HND,56,BEL,69,Ceramic products,N/A,,
M,340,HND,76,BRA,21,Miscellaneous edible preparations,N/A,,
M,340,HND,56,BEL,70,Glass and glassware,N/A,,
M,340,HND,56,BEL,72,Iron and steel,N/A,,
M,340,HND,56,BEL,73,Iron or steel articles,N/A,,
M,340,HND,56,BEL,76,Aluminium and articles thereof,N/A,,
M,340,HND,56,BEL,80,Tin; articles thereof,N/A,,
M,340,HND,56,BEL,82,"Tools, implements, cutlery, spoons and forks, of base metal; parts thereof, of base metal",N/A,,
M,340,HND,56,BEL,84,"Nuclear reactors, boilers, machinery and mechanical appliances; parts thereof",N/A,,
M,340,HND,76,BRA,33,"Essential oils and resinoids; perfumery, cosmetic or toilet preparations",N/A,,
M,340,HND,56,BEL,85,"Electrical machinery and equipment and parts thereof; sound recorders and reproducers; television image and sound recorders and reproducers, parts and accessories of such articles",N/A,,
M,340,HND,56,BEL,87,"Vehicles; other than railway or tramway rolling stock, and parts and accessories thereof",N/A,,
M,340,HND,56,BEL,90,"Optical, photographic, cinematographic, measuring, checking, medical or surgical instruments and apparatus; parts and accessories",N/A,,
M,340,HND,56,BEL,91,Clocks and watches and parts thereof,N/A,,
M,340,HND,56,BEL,95,"Toys, games and sports requisites; parts and accessories thereof",N/A,,
M,340,HND,56,BEL,96,Miscellaneous manufactured articles,N/A,,
M,340,HND,76,BRA,40,Rubber and articles thereof,N/A,,
M,340,HND,68,BOL,49,"Printed books, newspapers, pictures and other products of the printing industry; manuscripts, typescripts and plans",N/A,,
M,340,HND,68,BOL,68,"Stone, plaster, cement, asbestos, mica or similar materials; articles thereof",N/A,,
M,340,HND,68,BOL,69,Ceramic products,N/A,,
M,340,HND,68,BOL,76,Aluminium and articles thereof,N/A,,
M,340,HND,68,BOL,84,"Nuclear reactors, boilers, machinery and mechanical appliances; parts thereof",N/A,,
M,340,HND,68,BOL,85,"Electrical machinery and equipment and parts thereof; sound recorders and reproducers; television image and sound recorders and reproducers, parts and accessories of such articles",N/A,,
M,340,HND,68,BOL,90,"Optical, photographic, cinematographic, measuring, checking, medical or surgical instruments and apparatus; parts and accessories",N/A,,
M,340,HND,56,BEL,37,Photographic or cinematographic goods,N/A,,
M,340,HND,56,BEL,38,Chemical products n.e.c.,N/A,,
M,340,HND,68,BOL,94,"Furniture; bedding, mattresses, mattress supports, cushions and similar stuffed furnishings; lamps and lighting fittings, n.e.c.; illuminated signs, illuminated name-plates and the like; prefabricated buildings",N/A,,
M,340,HND,68,BOL,95,"Toys, games and sports requisites; parts and accessories thereof",N/A,,
M,340,HND,72,BWA,62,Apparel and clothing accessories; not knitted or crocheted,N/A,,
M,340,HND,72,BWA,64,Footwear; gaiters and the like; parts of such articles,N/A,,
M,340,HND,76,BRA,47,Pulp of wood or other fibrous cellulosic material; recovered (waste and scrap) paper or paperboard,N/A,,
M,340,HND,76,BRA,04,"Dairy produce; birds' eggs; natural honey; edible products of animal origin, not elsewhere specified or included",N/A,,
M,340,HND,76,BRA,06,"Trees and other plants, live; bulbs, roots and the like; cut flowers and ornamental foliage",N/A,,
M,340,HND,76,BRA,09,"Coffee, tea, mate and spices",N/A,,
M,340,HND,76,BRA,10,Cereals,N/A,,
M,340,HND,76,BRA,12,"Oil seeds and oleaginous fruits; miscellaneous grains, seeds and fruit, industrial or medicinal plants; straw and fodder",N/A,,
M,340,HND,76,BRA,13,"Lac; gums, resins and other vegetable saps and extracts",N/A,,
M,340,HND,76,BRA,15,Animal or vegetable fats and oils and their cleavage products; prepared animal fats; animal or vegetable waxes,N/A,,
M,340,HND,76,BRA,17,Sugars and sugar confectionery,N/A,,
M,340,HND,76,BRA,18,Cocoa and cocoa preparations,N/A,,
M,340,HND,76,BRA,19,"Preparations of cereals, flour, starch or milk; pastrycooks' products",N/A,,
M,340,HND,76,BRA,20,"Preparations of vegetables, fruit, nuts or other parts of plants",N/A,,
M,340,HND,76,BRA,22,"Beverages, spirits and vinegar",N/A,,
M,340,HND,76,BRA,23,"Food industries, residues and wastes thereof; prepared animal fodder",N/A,,
M,340,HND,76,BRA,24,Tobacco and manufactured tobacco substitutes,N/A,,
M,340,HND,76,BRA,25,"Salt; sulphur; earths, stone; plastering materials, lime and cement",N/A,,
M,340,HND,76,BRA,27,"Mineral fuels, mineral oils and products of their distillation; bituminous substances; mineral waxes",N/A,,
M,340,HND,76,BRA,28,"Inorganic chemicals; organic and inorganic compounds of precious metals; of rare earth metals, of radio-active elements and of isotopes",N/A,,
M,340,HND,76,BRA,29,Organic chemicals,N/A,,
M,340,HND,76,BRA,30,Pharmaceutical products,N/A,,
M,340,HND,76,BRA,31,Fertilizers,N/A,,
M,340,HND,76,BRA,32,"Tanning or dyeing extracts; tannins and their derivatives; dyes, pigments and other colouring matter; paints, varnishes; putty, other mastics; inks",N/A,,
M,340,HND,76,BRA,65,Headgear and parts thereof,N/A,,
M,340,HND,76,BRA,34,"Soap, organic surface-active agents; washing, lubricating, polishing or scouring preparations; artificial or prepared waxes, candles and similar articles, modelling pastes, dental waxes and dental preparations with a basis of plaster",N/A,,
M,340,HND,76,BRA,35,Albuminoidal substances; modified starches; glues; enzymes,N/A,,
M,340,HND,76,BRA,37,Photographic or cinematographic goods,N/A,,
M,340,HND,76,BRA,38,Chemical products n.e.c.,N/A,,
M,340,HND,76,BRA,39,Plastics and articles thereof,N/A,,
M,340,HND,56,BEL,92,Musical instruments; parts and accessories of such articles,N/A,,
M,340,HND,56,BEL,94,"Furniture; bedding, mattresses, mattress supports, cushions and similar stuffed furnishings; lamps and lighting fittings, n.e.c.; illuminated signs, illuminated name-plates and the like; prefabricated buildings",N/A,,
M,340,HND,56,BEL,97,Works of art; collectors' pieces and antiques,N/A,,
M,340,HND,68,BOL,30,Pharmaceutical products,N/A,,
M,340,HND,68,BOL,31,Fertilizers,N/A,,
M,340,HND,68,BOL,33,"Essential oils and resinoids; perfumery, cosmetic or toilet preparations",N/A,,
M,340,HND,68,BOL,39,Plastics and articles thereof,N/A,,
M,340,HND,76,BRA,42,"Articles of leather; saddlery and harness; travel goods, handbags and similar containers; articles of animal gut (other than silk-worm gut)",N/A,,
M,340,HND,76,BRA,44,Wood and articles of wood; wood charcoal,N/A,,
M,340,HND,76,BRA,48,"Paper and paperboard; articles of paper pulp, of paper or paperboard",N/A,,
M,340,HND,76,BRA,49,"Printed books, newspapers, pictures and other products of the printing industry; manuscripts, typescripts and plans",N/A,,
M,340,HND,76,BRA,52,Cotton,N/A,,
M,340,HND,76,BRA,54,Man-made filaments; strip and the like of man-made textile materials,N/A,,
M,340,HND,76,BRA,56,"Wadding, felt and nonwovens, special yarns; twine, cordage, ropes and cables and articles thereof",N/A,,
M,340,HND,76,BRA,57,Carpets and other textile floor coverings,N/A,,
M,340,HND,76,BRA,59,"Textile fabrics; impregnated, coated, covered or laminated; textile articles of a kind suitable for industrial use",N/A,,
M,340,HND,76,BRA,60,Fabrics; knitted or crocheted,N/A,,
M,340,HND,76,BRA,61,Apparel and clothing accessories; knitted or crocheted,N/A,,
M,340,HND,76,BRA,62,Apparel and clothing accessories; not knitted or crocheted,N/A,,
M,340,HND,76,BRA,63,"Textiles, made up articles; sets; worn clothing and worn textile articles; rags",N/A,,
M,340,HND,76,BRA,64,Footwear; gaiters and the like; parts of such articles,N/A,,
M,340,HND,76,BRA,67,"Feathers and down, prepared; and articles made of feather or of down; artificial flowers; articles of human hair",N/A,,
M,340,HND,76,BRA,68,"Stone, plaster, cement, asbestos, mica or similar materials; articles thereof",N/A,,
M,340,HND,76,BRA,69,Ceramic products,N/A,,
M,340,HND,76,BRA,70,Glass and glassware,N/A,,
M,340,HND,76,BRA,71,"Natural, cultured pearls; precious, semi-precious stones; precious metals, metals clad with precious metal, and articles thereof; imitation jewellery; coin",N/A,,
M,340,HND,76,BRA,72,Iron and steel,N/A,,
M,340,HND,76,BRA,74,Copper and articles thereof,N/A,,
M,340,HND,76,BRA,75,Nickel and articles thereof,N/A,,
M,340,HND,76,BRA,76,Aluminium and articles thereof,N/A,,
M,340,HND,76,BRA,82,"Tools, implements, cutlery, spoons and forks, of base metal; parts thereof, of base metal",N/A,,
M,340,HND,76,BRA,83,Metal; miscellaneous products of base metal,N/A,,
M,340,HND,76,BRA,84,"Nuclear reactors, boilers, machinery and mechanical appliances; parts thereof",N/A,,
M,340,HND,76,BRA,73,Iron or steel articles,N/A,,
M,340,HND,84,BLZ,73,Iron or steel articles,N/A,,
M,340,HND,84,BLZ,82,"Tools, implements, cutlery, spoons and forks, of base metal; parts thereof, of base metal",N/A,,
M,340,HND,84,BLZ,84,"Nuclear reactors, boilers, machinery and mechanical appliances; parts thereof",N/A,,
M,340,HND,84,BLZ,87,"Vehicles; other than railway or tramway rolling stock, and parts and accessories thereof",N/A,,
M,340,HND,124,CAN,10,Cereals,N/A,,
M,340,HND,76,BRA,87,"Vehicles; other than railway or tramway rolling stock, and parts and accessories thereof",N/A,,
M,340,HND,76,BRA,90,"Optical, photographic, cinematographic, measuring, checking, medical or surgical instruments and apparatus; parts and accessories",N/A,,
M,340,HND,76,BRA,91,Clocks and watches and parts thereof,N/A,,
M,340,HND,76,BRA,92,Musical instruments; parts and accessories of such articles,N/A,,
M,340,HND,76,BRA,93,Arms and ammunition; parts and accessories thereof,N/A,,
M,340,HND,76,BRA,94,"Furniture; bedding, mattresses, mattress supports, cushions and similar stuffed furnishings; lamps and lighting fittings, n.e.c.; illuminated signs, illuminated name-plates and the like; prefabricated buildings",N/A,,
M,340,HND,76,BRA,95,"Toys, games and sports requisites; parts and accessories thereof",N/A,,
M,340,HND,76,BRA,96,Miscellaneous manufactured articles,N/A,,
M,340,HND,76,BRA,85,"Electrical machinery and equipment and parts thereof; sound recorders and reproducers; television image and sound recorders and reproducers, parts and accessories of such articles",N/A,,
M,340,HND,84,BLZ,20,"Preparations of vegetables, fruit, nuts or other parts of plants",N/A,,
M,340,HND,84,BLZ,21,Miscellaneous edible preparations,N/A,,
M,340,HND,84,BLZ,39,Plastics and articles thereof,N/A,,
M,340,HND,84,BLZ,63,"Textiles, made up articles; sets; worn clothing and worn textile articles; rags",N/A,,
M,340,HND,100,BGR,30,Pharmaceutical products,N/A,,
M,340,HND,100,BGR,39,Plastics and articles thereof,N/A,,
M,340,HND,100,BGR,40,Rubber and articles thereof,N/A,,
M,340,HND,100,BGR,61,Apparel and clothing accessories; knitted or crocheted,N/A,,
M,340,HND,100,BGR,73,Iron or steel articles,N/A,,
M,340,HND,100,BGR,84,"Nuclear reactors, boilers, machinery and mechanical appliances; parts thereof",N/A,,
M,340,HND,100,BGR,85,"Electrical machinery and equipment and parts thereof; sound recorders and reproducers; television image and sound recorders and reproducers, parts and accessories of such articles",N/A,,
M,340,HND,100,BGR,90,"Optical, photographic, cinematographic, measuring, checking, medical or surgical instruments and apparatus; parts and accessories",N/A,,
M,340,HND,100,BGR,93,Arms and ammunition; parts and accessories thereof,N/A,,
M,340,HND,120,CMR,08,"Fruit and nuts, edible; peel of citrus fruit or melons",N/A,,
M,340,HND,120,CMR,12,"Oil seeds and oleaginous fruits; miscellaneous grains, seeds and fruit, industrial or medicinal plants; straw and fodder",N/A,,
M,340,HND,120,CMR,25,"Salt; sulphur; earths, stone; plastering materials, lime and cement",N/A,,
M,340,HND,120,CMR,30,Pharmaceutical products,N/A,,
M,340,HND,120,CMR,61,Apparel and clothing accessories; knitted or crocheted,N/A,,
M,340,HND,120,CMR,85,"Electrical machinery and equipment and parts thereof; sound recorders and reproducers; television image and sound recorders and reproducers, parts and accessories of such articles",N/A,,
M,340,HND,124,CAN,01,Animals; live,N/A,,
M,340,HND,124,CAN,02,Meat and edible meat offal,N/A,,
M,340,HND,124,CAN,03,"Fish and crustaceans, molluscs and other aquatic invertebrates",N/A,,
M,340,HND,124,CAN,05,Animal originated products; not elsewhere specified or included,N/A,,
M,340,HND,124,CAN,06,"Trees and other plants, live; bulbs, roots and the like; cut flowers and ornamental foliage",N/A,,
M,340,HND,124,CAN,07,Vegetables and certain roots and tubers; edible,N/A,,
M,340,HND,124,CAN,09,"Coffee, tea, mate and spices",N/A,,
M,340,HND,124,CAN,11,"Products of the milling industry; malt, starches, inulin, wheat gluten",N/A,,
M,340,HND,124,CAN,12,"Oil seeds and oleaginous fruits; miscellaneous grains, seeds and fruit, industrial or medicinal plants; straw and fodder",N/A,,
M,340,HND,124,CAN,13,"Lac; gums, resins and other vegetable saps and extracts",N/A,,
M,340,HND,124,CAN,15,Animal or vegetable fats and oils and their cleavage products; prepared animal fats; animal or vegetable waxes,N/A,,
M,340,HND,124,CAN,16,"Meat, fish or crustaceans, molluscs or other aquatic invertebrates; preparations thereof",N/A,,
M,340,HND,124,CAN,17,Sugars and sugar confectionery,N/A,,
M,340,HND,124,CAN,18,Cocoa and cocoa preparations,N/A,,
M,340,HND,124,CAN,19,"Preparations of cereals, flour, starch or milk; pastrycooks' products",N/A,,
M,340,HND,124,CAN,20,"Preparations of vegetables, fruit, nuts or other parts of plants",N/A,,
M,340,HND,124,CAN,21,Miscellaneous edible preparations,N/A,,
M,340,HND,124,CAN,22,"Beverages, spirits and vinegar",N/A,,
M,340,HND,124,CAN,62,Apparel and clothing accessories; not knitted or crocheted,N/A,,
M,340,HND,124,CAN,25,"Salt; sulphur; earths, stone; plastering materials, lime and cement",N/A,,
M,340,HND,124,CAN,27,"Mineral fuels, mineral oils and products of their distillation; bituminous substances; mineral waxes",N/A,,
M,340,HND,124,CAN,28,"Inorganic chemicals; organic and inorganic compounds of precious metals; of rare earth metals, of radio-active elements and of isotopes",N/A,,
M,340,HND,124,CAN,29,Organic chemicals,N/A,,
M,340,HND,124,CAN,30,Pharmaceutical products,N/A,,
M,340,HND,124,CAN,31,Fertilizers,N/A,,
M,340,HND,100,BGR,62,Apparel and clothing accessories; not knitted or crocheted,N/A,,
M,340,HND,124,CAN,40,Rubber and articles thereof,N/A,,
M,340,HND,124,CAN,42,"Articles of leather; saddlery and harness; travel goods, handbags and similar containers; articles of animal gut (other than silk-worm gut)",N/A,,
M,340,HND,124,CAN,44,Wood and articles of wood; wood charcoal,N/A,,
M,340,HND,124,CAN,46,"Manufactures of straw, esparto or other plaiting materials; basketware and wickerwork",N/A,,
M,340,HND,124,CAN,48,"Paper and paperboard; articles of paper pulp, of paper or paperboard",N/A,,
M,340,HND,124,CAN,57,Carpets and other textile floor coverings,N/A,,
M,340,HND,124,CAN,58,"Fabrics; special woven fabrics, tufted textile fabrics, lace, tapestries, trimmings, embroidery",N/A,,
M,340,HND,124,CAN,59,"Textile fabrics; impregnated, coated, covered or laminated; textile articles of a kind suitable for industrial use",N/A,,
M,340,HND,124,CAN,60,Fabrics; knitted or crocheted,N/A,,
M,340,HND,124,CAN,61,Apparel and clothing accessories; knitted or crocheted,N/A,,
M,340,HND,124,CAN,32,"Tanning or dyeing extracts; tannins and their derivatives; dyes, pigments and other colouring matter; paints, varnishes; putty, other mastics; inks",N/A,,
M,340,HND,124,CAN,33,"Essential oils and resinoids; perfumery, cosmetic or toilet preparations",N/A,,
M,340,HND,124,CAN,34,"Soap, organic surface-active agents; washing, lubricating, polishing or scouring preparations; artificial or prepared waxes, candles and similar articles, modelling pastes, dental waxes and dental preparations with a basis of plaster",N/A,,
M,340,HND,124,CAN,35,Albuminoidal substances; modified starches; glues; enzymes,N/A,,
M,340,HND,124,CAN,36,Explosives; pyrotechnic products; matches; pyrophoric alloys; certain combustible preparations,N/A,,
M,340,HND,124,CAN,37,Photographic or cinematographic goods,N/A,,
M,340,HND,124,CAN,38,Chemical products n.e.c.,N/A,,
M,340,HND,124,CAN,39,Plastics and articles thereof,N/A,,
M,340,HND,124,CAN,66,"Umbrellas, sun umbrellas, walking-sticks, seat sticks, whips, riding crops; and parts thereof",N/A,,
M,340,HND,124,CAN,67,"Feathers and down, prepared; and articles made of feather or of down; artificial flowers; articles of human hair",N/A,,
M,340,HND,124,CAN,68,"Stone, plaster, cement, asbestos, mica or similar materials; articles thereof",N/A,,
M,340,HND,124,CAN,69,Ceramic products,N/A,,
M,340,HND,124,CAN,70,Glass and glassware,N/A,,
M,340,HND,124,CAN,71,"Natural, cultured pearls; precious, semi-precious stones; precious metals, metals clad with precious metal, and articles thereof; imitation jewellery; coin",N/A,,
M,340,HND,124,CAN,72,Iron and steel,N/A,,
M,340,HND,124,CAN,73,Iron or steel articles,N/A,,
M,340,HND,124,CAN,49,"Printed books, newspapers, pictures and other products of the printing industry; manuscripts, typescripts and plans",N/A,,
M,340,HND,124,CAN,52,Cotton,N/A,,
M,340,HND,124,CAN,54,Man-made filaments; strip and the like of man-made textile materials,N/A,,
M,340,HND,124,CAN,55,Man-made staple fibres,N/A,,
M,340,HND,124,CAN,56,"Wadding, felt and nonwovens, special yarns; twine, cordage, ropes and cables and articles thereof",N/A,,
M,340,HND,124,CAN,74,Copper and articles thereof,N/A,,
M,340,HND,124,CAN,76,Aluminium and articles thereof,N/A,,
M,340,HND,124,CAN,82,"Tools, implements, cutlery, spoons and forks, of base metal; parts thereof, of base metal",N/A,,
M,340,HND,124,CAN,83,Metal; miscellaneous products of base metal,N/A,,
M,340,HND,124,CAN,63,"Textiles, made up articles; sets; worn clothing and worn textile articles; rags",N/A,,
M,340,HND,124,CAN,84,"Nuclear reactors, boilers, machinery and mechanical appliances; parts thereof",N/A,,
M,340,HND,124,CAN,64,Footwear; gaiters and the like; parts of such articles,N/A,,
M,340,HND,140,CAF,49,"Printed books, newspapers, pictures and other products of the printing industry; manuscripts, typescripts and plans",N/A,,
M,340,HND,140,CAF,73,Iron or steel articles,N/A,,
M,340,HND,140,CAF,84,"Nuclear reactors, boilers, machinery and mechanical appliances; parts thereof",N/A,,
M,340,HND,124,CAN,65,Headgear and parts thereof,N/A,,
M,340,HND,152,CHL,03,"Fish and crustaceans, molluscs and other aquatic invertebrates",N/A,,
M,340,HND,152,CHL,07,Vegetables and certain roots and tubers; edible,N/A,,
M,340,HND,124,CAN,85,"Electrical machinery and equipment and parts thereof; sound recorders and reproducers; television image and sound recorders and reproducers, parts and accessories of such articles",N/A,,
M,340,HND,152,CHL,21,Miscellaneous edible preparations,N/A,,
M,340,HND,124,CAN,87,"Vehicles; other than railway or tramway rolling stock, and parts and accessories thereof",N/A,,
M,340,HND,124,CAN,88,"Aircraft, spacecraft and parts thereof",N/A,,
M,340,HND,124,CAN,89,"Ships, boats and floating structures",N/A,,
M,340,HND,124,CAN,90,"Optical, photographic, cinematographic, measuring, checking, medical or surgical instruments and apparatus; parts and accessories",N/A,,
M,340,HND,152,CHL,42,"Articles of leather; saddlery and harness; travel goods, handbags and similar containers; articles of animal gut (other than silk-worm gut)",N/A,,
M,340,HND,152,CHL,44,Wood and articles of wood; wood charcoal,N/A,,
M,340,HND,124,CAN,91,Clocks and watches and parts thereof,N/A,,
M,340,HND,124,CAN,92,Musical instruments; parts and accessories of such articles,N/A,,
M,340,HND,124,CAN,94,"Furniture; bedding, mattresses, mattress supports, cushions and similar stuffed furnishings; lamps and lighting fittings, n.e.c.; illuminated signs, illuminated name-plates and the like; prefabricated buildings",N/A,,
M,340,HND,124,CAN,95,"Toys, games and sports requisites; parts and accessories thereof",N/A,,
M,340,HND,124,CAN,96,Miscellaneous manufactured articles,N/A,,
M,340,HND,124,CAN,97,Works of art; collectors' pieces and antiques,N/A,,
M,340,HND,152,CHL,67,"Feathers and down, prepared; and articles made of feather or of down; artificial flowers; articles of human hair",N/A,,
M,340,HND,152,CHL,68,"Stone, plaster, cement, asbestos, mica or similar materials; articles thereof",N/A,,
M,340,HND,152,CHL,69,Ceramic products,N/A,,
M,340,HND,144,LKA,08,"Fruit and nuts, edible; peel of citrus fruit or melons",N/A,,
M,340,HND,144,LKA,09,"Coffee, tea, mate and spices",N/A,,
M,340,HND,144,LKA,38,Chemical products n.e.c.,N/A,,
M,340,HND,144,LKA,39,Plastics and articles thereof,N/A,,
M,340,HND,144,LKA,40,Rubber and articles thereof,N/A,,
M,340,HND,144,LKA,62,Apparel and clothing accessories; not knitted or crocheted,N/A,,
M,340,HND,144,LKA,69,Ceramic products,N/A,,
M,340,HND,144,LKA,70,Glass and glassware,N/A,,
M,340,HND,144,LKA,73,Iron or steel articles,N/A,,
M,340,HND,144,LKA,82,"Tools, implements, cutlery, spoons and forks, of base metal; parts thereof, of base metal",N/A,,
M,340,HND,152,CHL,84,"Nuclear reactors, boilers, machinery and mechanical appliances; parts thereof",N/A,,
M,340,HND,152,CHL,04,"Dairy produce; birds' eggs; natural honey; edible products of animal origin, not elsewhere specified or included",N/A,,
M,340,HND,152,CHL,08,"Fruit and nuts, edible; peel of citrus fruit or melons",N/A,,
M,340,HND,152,CHL,09,"Coffee, tea, mate and spices",N/A,,
M,340,HND,152,CHL,10,Cereals,N/A,,
M,340,HND,152,CHL,11,"Products of the milling industry; malt, starches, inulin, wheat gluten",N/A,,
M,340,HND,152,CHL,12,"Oil seeds and oleaginous fruits; miscellaneous grains, seeds and fruit, industrial or medicinal plants; straw and fodder",N/A,,
M,340,HND,152,CHL,15,Animal or vegetable fats and oils and their cleavage products; prepared animal fats; animal or vegetable waxes,N/A,,
M,340,HND,152,CHL,17,Sugars and sugar confectionery,N/A,,
M,340,HND,152,CHL,18,Cocoa and cocoa preparations,N/A,,
M,340,HND,152,CHL,19,"Preparations of cereals, flour, starch or milk; pastrycooks' products",N/A,,
M,340,HND,152,CHL,20,"Preparations of vegetables, fruit, nuts or other parts of plants",N/A,,
M,340,HND,152,CHL,22,"Beverages, spirits and vinegar",N/A,,
M,340,HND,152,CHL,23,"Food industries, residues and wastes thereof; prepared animal fodder",N/A,,
M,340,HND,152,CHL,24,Tobacco and manufactured tobacco substitutes,N/A,,
M,340,HND,152,CHL,25,"Salt; sulphur; earths, stone; plastering materials, lime and cement",N/A,,
M,340,HND,152,CHL,27,"Mineral fuels, mineral oils and products of their distillation; bituminous substances; mineral waxes",N/A,,
M,340,HND,152,CHL,28,"Inorganic chemicals; organic and inorganic compounds of precious metals; of rare earth metals, of radio-active elements and of isotopes",N/A,,
M,340,HND,152,CHL,30,Pharmaceutical products,N/A,,
M,340,HND,152,CHL,31,Fertilizers,N/A,,
M,340,HND,152,CHL,32,"Tanning or dyeing extracts; tannins and their derivatives; dyes, pigments and other colouring matter; paints, varnishes; putty, other mastics; inks",N/A,,
M,340,HND,152,CHL,33,"Essential oils and resinoids; perfumery, cosmetic or toilet preparations",N/A,,
M,340,HND,152,CHL,34,"Soap, organic surface-active agents; washing, lubricating, polishing or scouring preparations; artificial or prepared waxes, candles and similar articles, modelling pastes, dental waxes and dental preparations with a basis of plaster",N/A,,
M,340,HND,152,CHL,35,Albuminoidal substances; modified starches; glues; enzymes,N/A,,
M,340,HND,152,CHL,38,Chemical products n.e.c.,N/A,,
M,340,HND,152,CHL,39,Plastics and articles thereof,N/A,,
M,340,HND,152,CHL,40,Rubber and articles thereof,N/A,,
M,340,HND,152,CHL,48,"Paper and paperboard; articles of paper pulp, of paper or paperboard",N/A,,
M,340,HND,152,CHL,62,Apparel and clothing accessories; not knitted or crocheted,N/A,,
M,340,HND,152,CHL,63,"Textiles, made up articles; sets; worn clothing and worn textile articles; rags",N/A,,
M,340,HND,152,CHL,65,Headgear and parts thereof,N/A,,
M,340,HND,152,CHL,70,Glass and glassware,N/A,,
M,340,HND,152,CHL,73,Iron or steel articles,N/A,,
M,340,HND,156,CHN,24,Tobacco and manufactured tobacco substitutes,N/A,,
M,340,HND,156,CHN,25,"Salt; sulphur; earths, stone; plastering materials, lime and cement",N/A,,
M,340,HND,152,CHL,74,Copper and articles thereof,N/A,,
M,340,HND,152,CHL,76,Aluminium and articles thereof,N/A,,
M,340,HND,144,LKA,84,"Nuclear reactors, boilers, machinery and mechanical appliances; parts thereof",N/A,,
M,340,HND,144,LKA,85,"Electrical machinery and equipment and parts thereof; sound recorders and reproducers; television image and sound recorders and reproducers, parts and accessories of such articles",N/A,,
M,340,HND,152,CHL,85,"Electrical machinery and equipment and parts thereof; sound recorders and reproducers; television image and sound recorders and reproducers, parts and accessories of such articles",N/A,,
M,340,HND,152,CHL,86,"Railway, tramway locomotives, rolling-stock and parts thereof; railway or tramway track fixtures and fittings and parts thereof; mechanical (including electro-mechanical) traffic signalling equipment of all kinds",N/A,,
M,340,HND,152,CHL,87,"Vehicles; other than railway or tramway rolling stock, and parts and accessories thereof",N/A,,
M,340,HND,152,CHL,88,"Aircraft, spacecraft and parts thereof",N/A,,
M,340,HND,152,CHL,90,"Optical, photographic, cinematographic, measuring, checking, medical or surgical instruments and apparatus; parts and accessories",N/A,,
M,340,HND,152,CHL,91,Clocks and watches and parts thereof,N/A,,
M,340,HND,152,CHL,92,Musical instruments; parts and accessories of such articles,N/A,,
M,340,HND,152,CHL,94,"Furniture; bedding, mattresses, mattress supports, cushions and similar stuffed furnishings; lamps and lighting fittings, n.e.c.; illuminated signs, illuminated name-plates and the like; prefabricated buildings",N/A,,
M,340,HND,152,CHL,95,"Toys, games and sports requisites; parts and accessories thereof",N/A,,
M,340,HND,152,CHL,96,Miscellaneous manufactured articles,N/A,,
M,340,HND,152,CHL,97,Works of art; collectors' pieces and antiques,N/A,,
M,340,HND,156,CHN,03,"Fish and crustaceans, molluscs and other aquatic invertebrates",N/A,,
M,340,HND,156,CHN,07,Vegetables and certain roots and tubers; edible,N/A,,
M,340,HND,156,CHN,08,"Fruit and nuts, edible; peel of citrus fruit or melons",N/A,,
M,340,HND,156,CHN,09,"Coffee, tea, mate and spices",N/A,,
M,340,HND,156,CHN,10,Cereals,N/A,,
M,340,HND,156,CHN,11,"Products of the milling industry; malt, starches, inulin, wheat gluten",N/A,,
M,340,HND,156,CHN,12,"Oil seeds and oleaginous fruits; miscellaneous grains, seeds and fruit, industrial or medicinal plants; straw and fodder",N/A,,
M,340,HND,156,CHN,13,"Lac; gums, resins and other vegetable saps and extracts",N/A,,
M,340,HND,156,CHN,14,Vegetable plaiting materials; vegetable products not elsewhere specified or included,N/A,,
M,340,HND,156,CHN,15,Animal or vegetable fats and oils and their cleavage products; prepared animal fats; animal or vegetable waxes,N/A,,
M,340,HND,156,CHN,16,"Meat, fish or crustaceans, molluscs or other aquatic invertebrates; preparations thereof",N/A,,
M,340,HND,156,CHN,17,Sugars and sugar confectionery,N/A,,
M,340,HND,156,CHN,19,"Preparations of cereals, flour, starch or milk; pastrycooks' products",N/A,,
M,340,HND,152,CHL,49,"Printed books, newspapers, pictures and other products of the printing industry; manuscripts, typescripts and plans",N/A,,
M,340,HND,152,CHL,52,Cotton,N/A,,
M,340,HND,152,CHL,55,Man-made staple fibres,N/A,,
M,340,HND,152,CHL,57,Carpets and other textile floor coverings,N/A,,
M,340,HND,152,CHL,61,Apparel and clothing accessories; knitted or crocheted,N/A,,
M,340,HND,156,CHN,20,"Preparations of vegetables, fruit, nuts or other parts of plants",N/A,,
M,340,HND,156,CHN,21,Miscellaneous edible preparations,N/A,,
M,340,HND,156,CHN,22,"Beverages, spirits and vinegar",N/A,,
M,340,HND,156,CHN,23,"Food industries, residues and wastes thereof; prepared animal fodder",N/A,,
M,340,HND,152,CHL,82,"Tools, implements, cutlery, spoons and forks, of base metal; parts thereof, of base metal",N/A,,
M,340,HND,152,CHL,83,Metal; miscellaneous products of base metal,N/A,,
M,340,HND,156,CHN,27,"Mineral fuels, mineral oils and products of their distillation; bituminous substances; mineral waxes",N/A,,
M,340,HND,156,CHN,28,"Inorganic chemicals; organic and inorganic compounds of precious metals; of rare earth metals, of radio-active elements and of isotopes",N/A,,
M,340,HND,156,CHN,40,Rubber and articles thereof,N/A,,
M,340,HND,156,CHN,29,Organic chemicals,N/A,,
M,340,HND,156,CHN,31,Fertilizers,N/A,,
M,340,HND,156,CHN,32,"Tanning or dyeing extracts; tannins and their derivatives; dyes, pigments and other colouring matter; paints, varnishes; putty, other mastics; inks",N/A,,
M,340,HND,156,CHN,33,"Essential oils and resinoids; perfumery, cosmetic or toilet preparations",N/A,,
M,340,HND,156,CHN,34,"Soap, organic surface-active agents; washing, lubricating, polishing or scouring preparations; artificial or prepared waxes, candles and similar articles, modelling pastes, dental waxes and dental preparations with a basis of plaster",N/A,,
M,340,HND,156,CHN,35,Albuminoidal substances; modified starches; glues; enzymes,N/A,,
M,340,HND,156,CHN,36,Explosives; pyrotechnic products; matches; pyrophoric alloys; certain combustible preparations,N/A,,
M,340,HND,156,CHN,37,Photographic or cinematographic goods,N/A,,
M,340,HND,156,CHN,38,Chemical products n.e.c.,N/A,,
M,340,HND,156,CHN,39,Plastics and articles thereof,N/A,,
M,340,HND,156,CHN,42,"Articles of leather; saddlery and harness; travel goods, handbags and similar containers; articles of animal gut (other than silk-worm gut)",N/A,,
M,340,HND,156,CHN,43,Furskins and artificial fur; manufactures thereof,N/A,,
M,340,HND,156,CHN,44,Wood and articles of wood; wood charcoal,N/A,,
M,340,HND,156,CHN,59,"Textile fabrics; impregnated, coated, covered or laminated; textile articles of a kind suitable for industrial use",N/A,,
M,340,HND,156,CHN,30,Pharmaceutical products,N/A,,
M,340,HND,156,CHN,45,Cork and articles of cork,N/A,,
M,340,HND,156,CHN,46,"Manufactures of straw, esparto or other plaiting materials; basketware and wickerwork",N/A,,
M,340,HND,156,CHN,48,"Paper and paperboard; articles of paper pulp, of paper or paperboard",N/A,,
M,340,HND,156,CHN,49,"Printed books, newspapers, pictures and other products of the printing industry; manuscripts, typescripts and plans",N/A,,
M,340,HND,156,CHN,50,Silk,N/A,,
M,340,HND,156,CHN,51,"Wool, fine or coarse animal hair; horsehair yarn and woven fabric",N/A,,
M,340,HND,156,CHN,52,Cotton,N/A,,
M,340,HND,156,CHN,53,Vegetable textile fibres; paper yarn and woven fabrics of paper yarn,N/A,,
M,340,HND,156,CHN,54,Man-made filaments; strip and the like of man-made textile materials,N/A,,
M,340,HND,156,CHN,55,Man-made staple fibres,N/A,,
M,340,HND,156,CHN,56,"Wadding, felt and nonwovens, special yarns; twine, cordage, ropes and cables and articles thereof",N/A,,
M,340,HND,156,CHN,65,Headgear and parts thereof,N/A,,
M,340,HND,156,CHN,57,Carpets and other textile floor coverings,N/A,,
M,340,HND,156,CHN,58,"Fabrics; special woven fabrics, tufted textile fabrics, lace, tapestries, trimmings, embroidery",N/A,,
M,340,HND,156,CHN,60,Fabrics; knitted or crocheted,N/A,,
M,340,HND,156,CHN,61,Apparel and clothing accessories; knitted or crocheted,N/A,,
M,340,HND,156,CHN,73,Iron or steel articles,N/A,,
M,340,HND,156,CHN,62,Apparel and clothing accessories; not knitted or crocheted,N/A,,
M,340,HND,156,CHN,63,"Textiles, made up articles; sets; worn clothing and worn textile articles; rags",N/A,,
M,340,HND,156,CHN,64,Footwear; gaiters and the like; parts of such articles,N/A,,
M,340,HND,156,CHN,66,"Umbrellas, sun umbrellas, walking-sticks, seat sticks, whips, riding crops; and parts thereof",N/A,,
M,340,HND,156,CHN,67,"Feathers and down, prepared; and articles made of feather or of down; artificial flowers; articles of human hair",N/A,,
M,340,HND,156,CHN,68,"Stone, plaster, cement, asbestos, mica or similar materials; articles thereof",N/A,,
M,340,HND,156,CHN,69,Ceramic products,N/A,,
M,340,HND,156,CHN,70,Glass and glassware,N/A,,
M,340,HND,156,CHN,71,"Natural, cultured pearls; precious, semi-precious stones; precious metals, metals clad with precious metal, and articles thereof; imitation jewellery; coin",N/A,,
M,340,HND,156,CHN,72,Iron and steel,N/A,,
M,340,HND,156,CHN,74,Copper and articles thereof,N/A,,
M,340,HND,156,CHN,75,Nickel and articles thereof,N/A,,
M,340,HND,156,CHN,76,Aluminium and articles thereof,N/A,,
M,340,HND,156,CHN,78,Lead and articles thereof,N/A,,
M,340,HND,156,CHN,79,Zinc and articles thereof,N/A,,
M,340,HND,156,CHN,80,Tin; articles thereof,N/A,,
M,340,HND,156,CHN,81,"Metals; n.e.c., cermets and articles thereof",N/A,,
M,340,HND,156,CHN,82,"Tools, implements, cutlery, spoons and forks, of base metal; parts thereof, of base metal",N/A,,
M,340,HND,156,CHN,83,Metal; miscellaneous products of base metal,N/A,,
M,340,HND,156,CHN,84,"Nuclear reactors, boilers, machinery and mechanical appliances; parts thereof",N/A,,
M,340,HND,156,CHN,85,"Electrical machinery and equipment and parts thereof; sound recorders and reproducers; television image and sound recorders and reproducers, parts and accessories of such articles",N/A,,
M,340,HND,156,CHN,89,"Ships, boats and floating structures",N/A,,
M,340,HND,156,CHN,90,"Optical, photographic, cinematographic, measuring, checking, medical or surgical instruments and apparatus; parts and accessories",N/A,,
M,340,HND,170,COL,15,Animal or vegetable fats and oils and their cleavage products; prepared animal fats; animal or vegetable waxes,N/A,,
M,340,HND,170,COL,22,"Beverages, spirits and vinegar",N/A,,
M,340,HND,156,CHN,91,Clocks and watches and parts thereof,N/A,,
M,340,HND,156,CHN,92,Musical instruments; parts and accessories of such articles,N/A,,
M,340,HND,156,CHN,93,Arms and ammunition; parts and accessories thereof,N/A,,
M,340,HND,156,CHN,94,"Furniture; bedding, mattresses, mattress supports, cushions and similar stuffed furnishings; lamps and lighting fittings, n.e.c.; illuminated signs, illuminated name-plates and the like; prefabricated buildings",N/A,,
M,340,HND,156,CHN,95,"Toys, games and sports requisites; parts and accessories thereof",N/A,,
M,340,HND,156,CHN,96,Miscellaneous manufactured articles,N/A,,
M,340,HND,156,CHN,86,"Railway, tramway locomotives, rolling-stock and parts thereof; railway or tramway track fixtures and fittings and parts thereof; mechanical (including electro-mechanical) traffic signalling equipment of all kinds",N/A,,
M,340,HND,156,CHN,87,"Vehicles; other than railway or tramway rolling stock, and parts and accessories thereof",N/A,,
M,340,HND,156,CHN,97,Works of art; collectors' pieces and antiques,N/A,,
M,340,HND,170,COL,01,Animals; live,N/A,,
M,340,HND,170,COL,06,"Trees and other plants, live; bulbs, roots and the like; cut flowers and ornamental foliage",N/A,,
M,340,HND,170,COL,07,Vegetables and certain roots and tubers; edible,N/A,,
M,340,HND,170,COL,09,"Coffee, tea, mate and spices",N/A,,
M,340,HND,170,COL,10,Cereals,N/A,,
M,340,HND,170,COL,11,"Products of the milling industry; malt, starches, inulin, wheat gluten",N/A,,
M,340,HND,170,COL,12,"Oil seeds and oleaginous fruits; miscellaneous grains, seeds and fruit, industrial or medicinal plants; straw and fodder",N/A,,
M,340,HND,170,COL,17,Sugars and sugar confectionery,N/A,,
M,340,HND,170,COL,18,Cocoa and cocoa preparations,N/A,,
M,340,HND,170,COL,19,"Preparations of cereals, flour, starch or milk; pastrycooks' products",N/A,,
M,340,HND,170,COL,20,"Preparations of vegetables, fruit, nuts or other parts of plants",N/A,,
M,340,HND,170,COL,21,Miscellaneous edible preparations,N/A,,
M,340,HND,170,COL,23,"Food industries, residues and wastes thereof; prepared animal fodder",N/A,,
M,340,HND,170,COL,24,Tobacco and manufactured tobacco substitutes,N/A,,
M,340,HND,170,COL,25,"Salt; sulphur; earths, stone; plastering materials, lime and cement",N/A,,
M,340,HND,170,COL,54,Man-made filaments; strip and the like of man-made textile materials,N/A,,
M,340,HND,170,COL,27,"Mineral fuels, mineral oils and products of their distillation; bituminous substances; mineral waxes",N/A,,
M,340,HND,170,COL,28,"Inorganic chemicals; organic and inorganic compounds of precious metals; of rare earth metals, of radio-active elements and of isotopes",N/A,,
M,340,HND,170,COL,29,Organic chemicals,N/A,,
M,340,HND,170,COL,30,Pharmaceutical products,N/A,,
M,340,HND,170,COL,31,Fertilizers,N/A,,
M,340,HND,170,COL,32,"Tanning or dyeing extracts; tannins and their derivatives; dyes, pigments and other colouring matter; paints, varnishes; putty, other mastics; inks",N/A,,
M,340,HND,170,COL,33,"Essential oils and resinoids; perfumery, cosmetic or toilet preparations",N/A,,
M,340,HND,170,COL,34,"Soap, organic surface-active agents; washing, lubricating, polishing or scouring preparations; artificial or prepared waxes, candles and similar articles, modelling pastes, dental waxes and dental preparations with a basis of plaster",N/A,,
M,340,HND,170,COL,35,Albuminoidal substances; modified starches; glues; enzymes,N/A,,
M,340,HND,170,COL,38,Chemical products n.e.c.,N/A,,
M,340,HND,170,COL,39,Plastics and articles thereof,N/A,,
M,340,HND,170,COL,64,Footwear; gaiters and the like; parts of such articles,N/A,,
M,340,HND,170,COL,65,Headgear and parts thereof,N/A,,
M,340,HND,170,COL,66,"Umbrellas, sun umbrellas, walking-sticks, seat sticks, whips, riding crops; and parts thereof",N/A,,
M,340,HND,170,COL,67,"Feathers and down, prepared; and articles made of feather or of down; artificial flowers; articles of human hair",N/A,,
M,340,HND,170,COL,43,Furskins and artificial fur; manufactures thereof,N/A,,
M,340,HND,170,COL,44,Wood and articles of wood; wood charcoal,N/A,,
M,340,HND,170,COL,45,Cork and articles of cork,N/A,,
M,340,HND,170,COL,46,"Manufactures of straw, esparto or other plaiting materials; basketware and wickerwork",N/A,,
M,340,HND,170,COL,48,"Paper and paperboard; articles of paper pulp, of paper or paperboard",N/A,,
M,340,HND,170,COL,73,Iron or steel articles,N/A,,
M,340,HND,170,COL,49,"Printed books, newspapers, pictures and other products of the printing industry; manuscripts, typescripts and plans",N/A,,
M,340,HND,170,COL,52,Cotton,N/A,,
M,340,HND,170,COL,55,Man-made staple fibres,N/A,,
M,340,HND,170,COL,79,Zinc and articles thereof,N/A,,
M,340,HND,170,COL,56,"Wadding, felt and nonwovens, special yarns; twine, cordage, ropes and cables and articles thereof",N/A,,
M,340,HND,170,COL,57,Carpets and other textile floor coverings,N/A,,
M,340,HND,170,COL,58,"Fabrics; special woven fabrics, tufted textile fabrics, lace, tapestries, trimmings, embroidery",N/A,,
M,340,HND,170,COL,59,"Textile fabrics; impregnated, coated, covered or laminated; textile articles of a kind suitable for industrial use",N/A,,
M,340,HND,170,COL,63,"Textiles, made up articles; sets; worn clothing and worn textile articles; rags",N/A,,
M,340,HND,170,COL,40,Rubber and articles thereof,N/A,,
M,340,HND,170,COL,68,"Stone, plaster, cement, asbestos, mica or similar materials; articles thereof",N/A,,
M,340,HND,170,COL,41,Raw hides and skins (other than furskins) and leather,N/A,,
M,340,HND,170,COL,42,"Articles of leather; saddlery and harness; travel goods, handbags and similar containers; articles of animal gut (other than silk-worm gut)",N/A,,
M,340,HND,170,COL,70,Glass and glassware,N/A,,
M,340,HND,170,COL,71,"Natural, cultured pearls; precious, semi-precious stones; precious metals, metals clad with precious metal, and articles thereof; imitation jewellery; coin",N/A,,
M,340,HND,170,COL,72,Iron and steel,N/A,,
M,340,HND,170,COL,74,Copper and articles thereof,N/A,,
M,340,HND,170,COL,76,Aluminium and articles thereof,N/A,,
M,340,HND,170,COL,82,"Tools, implements, cutlery, spoons and forks, of base metal; parts thereof, of base metal",N/A,,
M,340,HND,170,COL,60,Fabrics; knitted or crocheted,N/A,,
M,340,HND,170,COL,61,Apparel and clothing accessories; knitted or crocheted,N/A,,
M,340,HND,170,COL,83,Metal; miscellaneous products of base metal,N/A,,
M,340,HND,170,COL,62,Apparel and clothing accessories; not knitted or crocheted,N/A,,
M,340,HND,170,COL,84,"Nuclear reactors, boilers, machinery and mechanical appliances; parts thereof",N/A,,
M,340,HND,170,COL,69,Ceramic products,N/A,,
M,340,HND,170,COL,85,"Electrical machinery and equipment and parts thereof; sound recorders and reproducers; television image and sound recorders and reproducers, parts and accessories of such articles",N/A,,
M,340,HND,188,CRI,14,Vegetable plaiting materials; vegetable products not elsewhere specified or included,N/A,,
M,340,HND,188,CRI,15,Animal or vegetable fats and oils and their cleavage products; prepared animal fats; animal or vegetable waxes,N/A,,
M,340,HND,170,COL,87,"Vehicles; other than railway or tramway rolling stock, and parts and accessories thereof",N/A,,
M,340,HND,170,COL,88,"Aircraft, spacecraft and parts thereof",N/A,,
M,340,HND,170,COL,90,"Optical, photographic, cinematographic, measuring, checking, medical or surgical instruments and apparatus; parts and accessories",N/A,,
M,340,HND,170,COL,91,Clocks and watches and parts thereof,N/A,,
M,340,HND,170,COL,92,Musical instruments; parts and accessories of such articles,N/A,,
M,340,HND,170,COL,94,"Furniture; bedding, mattresses, mattress supports, cushions and similar stuffed furnishings; lamps and lighting fittings, n.e.c.; illuminated signs, illuminated name-plates and the like; prefabricated buildings",N/A,,
M,340,HND,170,COL,95,"Toys, games and sports requisites; parts and accessories thereof",N/A,,
M,340,HND,170,COL,96,Miscellaneous manufactured articles,N/A,,
M,340,HND,170,COL,97,Works of art; collectors' pieces and antiques,N/A,,
M,340,HND,178,COG,84,"Nuclear reactors, boilers, machinery and mechanical appliances; parts thereof",N/A,,
M,340,HND,180,COD,27,"Mineral fuels, mineral oils and products of their distillation; bituminous substances; mineral waxes",N/A,,
M,340,HND,188,CRI,01,Animals; live,N/A,,
M,340,HND,188,CRI,02,Meat and edible meat offal,N/A,,
M,340,HND,188,CRI,05,Animal originated products; not elsewhere specified or included,N/A,,
M,340,HND,188,CRI,06,"Trees and other plants, live; bulbs, roots and the like; cut flowers and ornamental foliage",N/A,,
M,340,HND,188,CRI,07,Vegetables and certain roots and tubers; edible,N/A,,
M,340,HND,188,CRI,08,"Fruit and nuts, edible; peel of citrus fruit or melons",N/A,,
M,340,HND,188,CRI,09,"Coffee, tea, mate and spices",N/A,,
M,340,HND,188,CRI,10,Cereals,N/A,,
M,340,HND,188,CRI,11,"Products of the milling industry; malt, starches, inulin, wheat gluten",N/A,,
M,340,HND,188,CRI,12,"Oil seeds and oleaginous fruits; miscellaneous grains, seeds and fruit, industrial or medicinal plants; straw and fodder",N/A,,
M,340,HND,188,CRI,13,"Lac; gums, resins and other vegetable saps and extracts",N/A,,
M,340,HND,188,CRI,16,"Meat, fish or crustaceans, molluscs or other aquatic invertebrates; preparations thereof",N/A,,
M,340,HND,188,CRI,17,Sugars and sugar confectionery,N/A,,
M,340,HND,188,CRI,18,Cocoa and cocoa preparations,N/A,,
M,340,HND,188,CRI,19,"Preparations of cereals, flour, starch or milk; pastrycooks' products",N/A,,
M,340,HND,188,CRI,23,"Food industries, residues and wastes thereof; prepared animal fodder",N/A,,
M,340,HND,188,CRI,24,Tobacco and manufactured tobacco substitutes,N/A,,
M,340,HND,188,CRI,25,"Salt; sulphur; earths, stone; plastering materials, lime and cement",N/A,,
M,340,HND,188,CRI,27,"Mineral fuels, mineral oils and products of their distillation; bituminous substances; mineral waxes",N/A,,
M,340,HND,188,CRI,28,"Inorganic chemicals; organic and inorganic compounds of precious metals; of rare earth metals, of radio-active elements and of isotopes",N/A,,
M,340,HND,188,CRI,03,"Fish and crustaceans, molluscs and other aquatic invertebrates",N/A,,
M,340,HND,188,CRI,04,"Dairy produce; birds' eggs; natural honey; edible products of animal origin, not elsewhere specified or included",N/A,,
M,340,HND,188,CRI,44,Wood and articles of wood; wood charcoal,N/A,,
M,340,HND,188,CRI,31,Fertilizers,N/A,,
M,340,HND,188,CRI,32,"Tanning or dyeing extracts; tannins and their derivatives; dyes, pigments and other colouring matter; paints, varnishes; putty, other mastics; inks",N/A,,
M,340,HND,188,CRI,33,"Essential oils and resinoids; perfumery, cosmetic or toilet preparations",N/A,,
M,340,HND,188,CRI,34,"Soap, organic surface-active agents; washing, lubricating, polishing or scouring preparations; artificial or prepared waxes, candles and similar articles, modelling pastes, dental waxes and dental preparations with a basis of plaster",N/A,,
M,340,HND,188,CRI,35,Albuminoidal substances; modified starches; glues; enzymes,N/A,,
M,340,HND,188,CRI,37,Photographic or cinematographic goods,N/A,,
M,340,HND,188,CRI,38,Chemical products n.e.c.,N/A,,
M,340,HND,188,CRI,39,Plastics and articles thereof,N/A,,
M,340,HND,188,CRI,20,"Preparations of vegetables, fruit, nuts or other parts of plants",N/A,,
M,340,HND,188,CRI,21,Miscellaneous edible preparations,N/A,,
M,340,HND,188,CRI,22,"Beverages, spirits and vinegar",N/A,,
M,340,HND,188,CRI,40,Rubber and articles thereof,N/A,,
M,340,HND,188,CRI,41,Raw hides and skins (other than furskins) and leather,N/A,,
M,340,HND,188,CRI,42,"Articles of leather; saddlery and harness; travel goods, handbags and similar containers; articles of animal gut (other than silk-worm gut)",N/A,,
M,340,HND,188,CRI,29,Organic chemicals,N/A,,
M,340,HND,188,CRI,30,Pharmaceutical products,N/A,,
M,340,HND,188,CRI,46,"Manufactures of straw, esparto or other plaiting materials; basketware and wickerwork",N/A,,
M,340,HND,188,CRI,48,"Paper and paperboard; articles of paper pulp, of paper or paperboard",N/A,,
M,340,HND,188,CRI,49,"Printed books, newspapers, pictures and other products of the printing industry; manuscripts, typescripts and plans",N/A,,
M,340,HND,188,CRI,79,Zinc and articles thereof,N/A,,
M,340,HND,188,CRI,51,"Wool, fine or coarse animal hair; horsehair yarn and woven fabric",N/A,,
M,340,HND,188,CRI,52,Cotton,N/A,,
M,340,HND,188,CRI,53,Vegetable textile fibres; paper yarn and woven fabrics of paper yarn,N/A,,
M,340,HND,188,CRI,62,Apparel and clothing accessories; not knitted or crocheted,N/A,,
M,340,HND,188,CRI,63,"Textiles, made up articles; sets; worn clothing and worn textile articles; rags",N/A,,
M,340,HND,188,CRI,64,Footwear; gaiters and the like; parts of such articles,N/A,,
M,340,HND,188,CRI,65,Headgear and parts thereof,N/A,,
M,340,HND,188,CRI,66,"Umbrellas, sun umbrellas, walking-sticks, seat sticks, whips, riding crops; and parts thereof",N/A,,
M,340,HND,188,CRI,67,"Feathers and down, prepared; and articles made of feather or of down; artificial flowers; articles of human hair",N/A,,
M,340,HND,188,CRI,68,"Stone, plaster, cement, asbestos, mica or similar materials; articles thereof",N/A,,
M,340,HND,188,CRI,69,Ceramic products,N/A,,
M,340,HND,188,CRI,70,Glass and glassware,N/A,,
M,340,HND,188,CRI,73,Iron or steel articles,N/A,,
M,340,HND,188,CRI,74,Copper and articles thereof,N/A,,
M,340,HND,188,CRI,76,Aluminium and articles thereof,N/A,,
M,340,HND,188,CRI,82,"Tools, implements, cutlery, spoons and forks, of base metal; parts thereof, of base metal",N/A,,
M,340,HND,188,CRI,54,Man-made filaments; strip and the like of man-made textile materials,N/A,,
M,340,HND,188,CRI,55,Man-made staple fibres,N/A,,
M,340,HND,188,CRI,56,"Wadding, felt and nonwovens, special yarns; twine, cordage, ropes and cables and articles thereof",N/A,,
M,340,HND,188,CRI,57,Carpets and other textile floor coverings,N/A,,
M,340,HND,188,CRI,58,"Fabrics; special woven fabrics, tufted textile fabrics, lace, tapestries, trimmings, embroidery",N/A,,
M,340,HND,188,CRI,59,"Textile fabrics; impregnated, coated, covered or laminated; textile articles of a kind suitable for industrial use",N/A,,
M,340,HND,188,CRI,60,Fabrics; knitted or crocheted,N/A,,
M,340,HND,188,CRI,61,Apparel and clothing accessories; knitted or crocheted,N/A,,
M,340,HND,188,CRI,83,Metal; miscellaneous products of base metal,N/A,,
M,340,HND,188,CRI,84,"Nuclear reactors, boilers, machinery and mechanical appliances; parts thereof",N/A,,
M,340,HND,188,CRI,71,"Natural, cultured pearls; precious, semi-precious stones; precious metals, metals clad with precious metal, and articles thereof; imitation jewellery; coin",N/A,,
M,340,HND,188,CRI,72,Iron and steel,N/A,,
M,340,HND,188,CRI,85,"Electrical machinery and equipment and parts thereof; sound recorders and reproducers; television image and sound recorders and reproducers, parts and accessories of such articles",N/A,,
M,340,HND,192,CUB,85,"Electrical machinery and equipment and parts thereof; sound recorders and reproducers; television image and sound recorders and reproducers, parts and accessories of such articles",N/A,,
M,340,HND,188,CRI,86,"Railway, tramway locomotives, rolling-stock and parts thereof; railway or tramway track fixtures and fittings and parts thereof; mechanical (including electro-mechanical) traffic signalling equipment of all kinds",N/A,,
M,340,HND,188,CRI,87,"Vehicles; other than railway or tramway rolling stock, and parts and accessories thereof",N/A,,
M,340,HND,188,CRI,88,"Aircraft, spacecraft and parts thereof",N/A,,
M,340,HND,188,CRI,89,"Ships, boats and floating structures",N/A,,
M,340,HND,188,CRI,90,"Optical, photographic, cinematographic, measuring, checking, medical or surgical instruments and apparatus; parts and accessories",N/A,,
M,340,HND,188,CRI,91,Clocks and watches and parts thereof,N/A,,
M,340,HND,188,CRI,95,"Toys, games and sports requisites; parts and accessories thereof",N/A,,
M,340,HND,188,CRI,96,Miscellaneous manufactured articles,N/A,,
M,340,HND,208,DNK,82,"Tools, implements, cutlery, spoons and forks, of base metal; parts thereof, of base metal",N/A,,
M,340,HND,208,DNK,83,Metal; miscellaneous products of base metal,N/A,,
M,340,HND,188,CRI,97,Works of art; collectors' pieces and antiques,N/A,,
M,340,HND,191,HRV,61,Apparel and clothing accessories; knitted or crocheted,N/A,,
M,340,HND,191,HRV,90,"Optical, photographic, cinematographic, measuring, checking, medical or surgical instruments and apparatus; parts and accessories",N/A,,
M,340,HND,192,CUB,01,Animals; live,N/A,,
M,340,HND,192,CUB,03,"Fish and crustaceans, molluscs and other aquatic invertebrates",N/A,,
M,340,HND,192,CUB,05,Animal originated products; not elsewhere specified or included,N/A,,
M,340,HND,192,CUB,30,Pharmaceutical products,N/A,,
M,340,HND,192,CUB,34,"Soap, organic surface-active agents; washing, lubricating, polishing or scouring preparations; artificial or prepared waxes, candles and similar articles, modelling pastes, dental waxes and dental preparations with a basis of plaster",N/A,,
M,340,HND,192,CUB,38,Chemical products n.e.c.,N/A,,
M,340,HND,192,CUB,44,Wood and articles of wood; wood charcoal,N/A,,
M,340,HND,192,CUB,69,Ceramic products,N/A,,
M,340,HND,192,CUB,72,Iron and steel,N/A,,
M,340,HND,192,CUB,73,Iron or steel articles,N/A,,
M,340,HND,192,CUB,76,Aluminium and articles thereof,N/A,,
M,340,HND,192,CUB,84,"Nuclear reactors, boilers, machinery and mechanical appliances; parts thereof",N/A,,
M,340,HND,196,CYP,85,"Electrical machinery and equipment and parts thereof; sound recorders and reproducers; television image and sound recorders and reproducers, parts and accessories of such articles",N/A,,
M,340,HND,208,DNK,96,Miscellaneous manufactured articles,N/A,,
M,340,HND,203,CZE,28,"Inorganic chemicals; organic and inorganic compounds of precious metals; of rare earth metals, of radio-active elements and of isotopes",N/A,,
M,340,HND,203,CZE,29,Organic chemicals,N/A,,
M,340,HND,214,DOM,04,"Dairy produce; birds' eggs; natural honey; edible products of animal origin, not elsewhere specified or included",N/A,,
M,340,HND,203,CZE,33,"Essential oils and resinoids; perfumery, cosmetic or toilet preparations",N/A,,
M,340,HND,203,CZE,39,Plastics and articles thereof,N/A,,
M,340,HND,203,CZE,40,Rubber and articles thereof,N/A,,
M,340,HND,203,CZE,49,"Printed books, newspapers, pictures and other products of the printing industry; manuscripts, typescripts and plans",N/A,,
M,340,HND,203,CZE,68,"Stone, plaster, cement, asbestos, mica or similar materials; articles thereof",N/A,,
M,340,HND,203,CZE,70,Glass and glassware,N/A,,
M,340,HND,203,CZE,72,Iron and steel,N/A,,
M,340,HND,203,CZE,73,Iron or steel articles,N/A,,
M,340,HND,203,CZE,82,"Tools, implements, cutlery, spoons and forks, of base metal; parts thereof, of base metal",N/A,,
M,340,HND,203,CZE,84,"Nuclear reactors, boilers, machinery and mechanical appliances; parts thereof",N/A,,
M,340,HND,203,CZE,85,"Electrical machinery and equipment and parts thereof; sound recorders and reproducers; television image and sound recorders and reproducers, parts and accessories of such articles",N/A,,
M,340,HND,203,CZE,87,"Vehicles; other than railway or tramway rolling stock, and parts and accessories thereof",N/A,,
M,340,HND,203,CZE,88,"Aircraft, spacecraft and parts thereof",N/A,,
M,340,HND,203,CZE,96,Miscellaneous manufactured articles,N/A,,
M,340,HND,214,DOM,40,Rubber and articles thereof,N/A,,
M,340,HND,214,DOM,42,"Articles of leather; saddlery and harness; travel goods, handbags and similar containers; articles of animal gut (other than silk-worm gut)",N/A,,
M,340,HND,208,DNK,04,"Dairy produce; birds' eggs; natural honey; edible products of animal origin, not elsewhere specified or included",N/A,,
M,340,HND,208,DNK,11,"Products of the milling industry; malt, starches, inulin, wheat gluten",N/A,,
M,340,HND,208,DNK,19,"Preparations of cereals, flour, starch or milk; pastrycooks' products",N/A,,
M,340,HND,208,DNK,21,Miscellaneous edible preparations,N/A,,
M,340,HND,208,DNK,25,"Salt; sulphur; earths, stone; plastering materials, lime and cement",N/A,,
M,340,HND,208,DNK,29,Organic chemicals,N/A,,
M,340,HND,208,DNK,30,Pharmaceutical products,N/A,,
M,340,HND,208,DNK,31,Fertilizers,N/A,,
M,340,HND,208,DNK,32,"Tanning or dyeing extracts; tannins and their derivatives; dyes, pigments and other colouring matter; paints, varnishes; putty, other mastics; inks",N/A,,
M,340,HND,208,DNK,33,"Essential oils and resinoids; perfumery, cosmetic or toilet preparations",N/A,,
M,340,HND,188,CRI,92,Musical instruments; parts and accessories of such articles,N/A,,
M,340,HND,188,CRI,94,"Furniture; bedding, mattresses, mattress supports, cushions and similar stuffed furnishings; lamps and lighting fittings, n.e.c.; illuminated signs, illuminated name-plates and the like; prefabricated buildings",N/A,,
M,340,HND,208,DNK,49,"Printed books, newspapers, pictures and other products of the printing industry; manuscripts, typescripts and plans",N/A,,
M,340,HND,208,DNK,63,"Textiles, made up articles; sets; worn clothing and worn textile articles; rags",N/A,,
M,340,HND,208,DNK,65,Headgear and parts thereof,N/A,,
M,340,HND,208,DNK,66,"Umbrellas, sun umbrellas, walking-sticks, seat sticks, whips, riding crops; and parts thereof",N/A,,
M,340,HND,208,DNK,69,Ceramic products,N/A,,
M,340,HND,208,DNK,70,Glass and glassware,N/A,,
M,340,HND,208,DNK,73,Iron or steel articles,N/A,,
M,340,HND,208,DNK,84,"Nuclear reactors, boilers, machinery and mechanical appliances; parts thereof",N/A,,
M,340,HND,214,DOM,69,Ceramic products,N/A,,
M,340,HND,208,DNK,85,"Electrical machinery and equipment and parts thereof; sound recorders and reproducers; television image and sound recorders and reproducers, parts and accessories of such articles",N/A,,
M,340,HND,208,DNK,87,"Vehicles; other than railway or tramway rolling stock, and parts and accessories thereof",N/A,,
M,340,HND,208,DNK,90,"Optical, photographic, cinematographic, measuring, checking, medical or surgical instruments and apparatus; parts and accessories",N/A,,
M,340,HND,208,DNK,95,"Toys, games and sports requisites; parts and accessories thereof",N/A,,
M,340,HND,212,DMA,24,Tobacco and manufactured tobacco substitutes,N/A,,
M,340,HND,212,DMA,85,"Electrical machinery and equipment and parts thereof; sound recorders and reproducers; television image and sound recorders and reproducers, parts and accessories of such articles",N/A,,
M,340,HND,214,DOM,11,"Products of the milling industry; malt, starches, inulin, wheat gluten",N/A,,
M,340,HND,214,DOM,17,Sugars and sugar confectionery,N/A,,
M,340,HND,214,DOM,19,"Preparations of cereals, flour, starch or milk; pastrycooks' products",N/A,,
M,340,HND,214,DOM,20,"Preparations of vegetables, fruit, nuts or other parts of plants",N/A,,
M,340,HND,214,DOM,21,Miscellaneous edible preparations,N/A,,
M,340,HND,214,DOM,22,"Beverages, spirits and vinegar",N/A,,
M,340,HND,214,DOM,23,"Food industries, residues and wastes thereof; prepared animal fodder",N/A,,
M,340,HND,214,DOM,24,Tobacco and manufactured tobacco substitutes,N/A,,
M,340,HND,214,DOM,27,"Mineral fuels, mineral oils and products of their distillation; bituminous substances; mineral waxes",N/A,,
M,340,HND,214,DOM,29,Organic chemicals,N/A,,
M,340,HND,214,DOM,30,Pharmaceutical products,N/A,,
M,340,HND,214,DOM,32,"Tanning or dyeing extracts; tannins and their derivatives; dyes, pigments and other colouring matter; paints, varnishes; putty, other mastics; inks",N/A,,
M,340,HND,214,DOM,33,"Essential oils and resinoids; perfumery, cosmetic or toilet preparations",N/A,,
M,340,HND,214,DOM,34,"Soap, organic surface-active agents; washing, lubricating, polishing or scouring preparations; artificial or prepared waxes, candles and similar articles, modelling pastes, dental waxes and dental preparations with a basis of plaster",N/A,,
M,340,HND,214,DOM,37,Photographic or cinematographic goods,N/A,,
M,340,HND,214,DOM,38,Chemical products n.e.c.,N/A,,
M,340,HND,214,DOM,39,Plastics and articles thereof,N/A,,
M,340,HND,214,DOM,44,Wood and articles of wood; wood charcoal,N/A,,
M,340,HND,214,DOM,48,"Paper and paperboard; articles of paper pulp, of paper or paperboard",N/A,,
M,340,HND,214,DOM,49,"Printed books, newspapers, pictures and other products of the printing industry; manuscripts, typescripts and plans",N/A,,
M,340,HND,214,DOM,52,Cotton,N/A,,
M,340,HND,214,DOM,54,Man-made filaments; strip and the like of man-made textile materials,N/A,,
M,340,HND,214,DOM,56,"Wadding, felt and nonwovens, special yarns; twine, cordage, ropes and cables and articles thereof",N/A,,
M,340,HND,208,DNK,34,"Soap, organic surface-active agents; washing, lubricating, polishing or scouring preparations; artificial or prepared waxes, candles and similar articles, modelling pastes, dental waxes and dental preparations with a basis of plaster",N/A,,
M,340,HND,208,DNK,35,Albuminoidal substances; modified starches; glues; enzymes,N/A,,
M,340,HND,208,DNK,38,Chemical products n.e.c.,N/A,,
M,340,HND,208,DNK,39,Plastics and articles thereof,N/A,,
M,340,HND,208,DNK,40,Rubber and articles thereof,N/A,,
M,340,HND,208,DNK,48,"Paper and paperboard; articles of paper pulp, of paper or paperboard",N/A,,
M,340,HND,214,DOM,63,"Textiles, made up articles; sets; worn clothing and worn textile articles; rags",N/A,,
M,340,HND,214,DOM,64,Footwear; gaiters and the like; parts of such articles,N/A,,
M,340,HND,214,DOM,65,Headgear and parts thereof,N/A,,
M,340,HND,214,DOM,66,"Umbrellas, sun umbrellas, walking-sticks, seat sticks, whips, riding crops; and parts thereof",N/A,,
M,340,HND,214,DOM,68,"Stone, plaster, cement, asbestos, mica or similar materials; articles thereof",N/A,,
M,340,HND,214,DOM,70,Glass and glassware,N/A,,
M,340,HND,214,DOM,72,Iron and steel,N/A,,
M,340,HND,214,DOM,73,Iron or steel articles,N/A,,
M,340,HND,214,DOM,76,Aluminium and articles thereof,N/A,,
M,340,HND,214,DOM,82,"Tools, implements, cutlery, spoons and forks, of base metal; parts thereof, of base metal",N/A,,
M,340,HND,218,ECU,76,Aluminium and articles thereof,N/A,,
M,340,HND,218,ECU,82,"Tools, implements, cutlery, spoons and forks, of base metal; parts thereof, of base metal",N/A,,
M,340,HND,218,ECU,83,Metal; miscellaneous products of base metal,N/A,,
M,340,HND,214,DOM,83,Metal; miscellaneous products of base metal,N/A,,
M,340,HND,214,DOM,84,"Nuclear reactors, boilers, machinery and mechanical appliances; parts thereof",N/A,,
M,340,HND,214,DOM,85,"Electrical machinery and equipment and parts thereof; sound recorders and reproducers; television image and sound recorders and reproducers, parts and accessories of such articles",N/A,,
M,340,HND,214,DOM,87,"Vehicles; other than railway or tramway rolling stock, and parts and accessories thereof",N/A,,
M,340,HND,214,DOM,90,"Optical, photographic, cinematographic, measuring, checking, medical or surgical instruments and apparatus; parts and accessories",N/A,,
M,340,HND,214,DOM,91,Clocks and watches and parts thereof,N/A,,
M,340,HND,214,DOM,92,Musical instruments; parts and accessories of such articles,N/A,,
M,340,HND,214,DOM,94,"Furniture; bedding, mattresses, mattress supports, cushions and similar stuffed furnishings; lamps and lighting fittings, n.e.c.; illuminated signs, illuminated name-plates and the like; prefabricated buildings",N/A,,
M,340,HND,214,DOM,95,"Toys, games and sports requisites; parts and accessories thereof",N/A,,
M,340,HND,214,DOM,96,Miscellaneous manufactured articles,N/A,,
M,340,HND,214,DOM,97,Works of art; collectors' pieces and antiques,N/A,,
M,340,HND,218,ECU,06,"Trees and other plants, live; bulbs, roots and the like; cut flowers and ornamental foliage",N/A,,
M,340,HND,218,ECU,07,Vegetables and certain roots and tubers; edible,N/A,,
M,340,HND,218,ECU,09,"Coffee, tea, mate and spices",N/A,,
M,340,HND,218,ECU,12,"Oil seeds and oleaginous fruits; miscellaneous grains, seeds and fruit, industrial or medicinal plants; straw and fodder",N/A,,
M,340,HND,218,ECU,16,"Meat, fish or crustaceans, molluscs or other aquatic invertebrates; preparations thereof",N/A,,
M,340,HND,218,ECU,22,"Beverages, spirits and vinegar",N/A,,
M,340,HND,218,ECU,23,"Food industries, residues and wastes thereof; prepared animal fodder",N/A,,
M,340,HND,218,ECU,24,Tobacco and manufactured tobacco substitutes,N/A,,
M,340,HND,214,DOM,57,Carpets and other textile floor coverings,N/A,,
M,340,HND,218,ECU,25,"Salt; sulphur; earths, stone; plastering materials, lime and cement",N/A,,
M,340,HND,218,ECU,27,"Mineral fuels, mineral oils and products of their distillation; bituminous substances; mineral waxes",N/A,,
M,340,HND,218,ECU,29,Organic chemicals,N/A,,
M,340,HND,218,ECU,30,Pharmaceutical products,N/A,,
M,340,HND,214,DOM,58,"Fabrics; special woven fabrics, tufted textile fabrics, lace, tapestries, trimmings, embroidery",N/A,,
M,340,HND,214,DOM,59,"Textile fabrics; impregnated, coated, covered or laminated; textile articles of a kind suitable for industrial use",N/A,,
M,340,HND,214,DOM,60,Fabrics; knitted or crocheted,N/A,,
M,340,HND,222,SLV,13,"Lac; gums, resins and other vegetable saps and extracts",N/A,,
M,340,HND,214,DOM,61,Apparel and clothing accessories; knitted or crocheted,N/A,,
M,340,HND,214,DOM,62,Apparel and clothing accessories; not knitted or crocheted,N/A,,
M,340,HND,218,ECU,40,Rubber and articles thereof,N/A,,
M,340,HND,218,ECU,42,"Articles of leather; saddlery and harness; travel goods, handbags and similar containers; articles of animal gut (other than silk-worm gut)",N/A,,
M,340,HND,218,ECU,44,Wood and articles of wood; wood charcoal,N/A,,
M,340,HND,218,ECU,48,"Paper and paperboard; articles of paper pulp, of paper or paperboard",N/A,,
M,340,HND,218,ECU,49,"Printed books, newspapers, pictures and other products of the printing industry; manuscripts, typescripts and plans",N/A,,
M,340,HND,218,ECU,56,"Wadding, felt and nonwovens, special yarns; twine, cordage, ropes and cables and articles thereof",N/A,,
M,340,HND,218,ECU,61,Apparel and clothing accessories; knitted or crocheted,N/A,,
M,340,HND,218,ECU,62,Apparel and clothing accessories; not knitted or crocheted,N/A,,
M,340,HND,218,ECU,63,"Textiles, made up articles; sets; worn clothing and worn textile articles; rags",N/A,,
M,340,HND,218,ECU,65,Headgear and parts thereof,N/A,,
M,340,HND,218,ECU,68,"Stone, plaster, cement, asbestos, mica or similar materials; articles thereof",N/A,,
M,340,HND,218,ECU,69,Ceramic products,N/A,,
M,340,HND,218,ECU,70,Glass and glassware,N/A,,
M,340,HND,218,ECU,71,"Natural, cultured pearls; precious, semi-precious stones; precious metals, metals clad with precious metal, and articles thereof; imitation jewellery; coin",N/A,,
M,340,HND,218,ECU,73,Iron or steel articles,N/A,,
M,340,HND,218,ECU,84,"Nuclear reactors, boilers, machinery and mechanical appliances; parts thereof",N/A,,
M,340,HND,218,ECU,85,"Electrical machinery and equipment and parts thereof; sound recorders and reproducers; television image and sound recorders and reproducers, parts and accessories of such articles",N/A,,
M,340,HND,218,ECU,87,"Vehicles; other than railway or tramway rolling stock, and parts and accessories thereof",N/A,,
M,340,HND,218,ECU,90,"Optical, photographic, cinematographic, measuring, checking, medical or surgical instruments and apparatus; parts and accessories",N/A,,
M,340,HND,218,ECU,91,Clocks and watches and parts thereof,N/A,,
M,340,HND,218,ECU,94,"Furniture; bedding, mattresses, mattress supports, cushions and similar stuffed furnishings; lamps and lighting fittings, n.e.c.; illuminated signs, illuminated name-plates and the like; prefabricated buildings",N/A,,
M,340,HND,218,ECU,95,"Toys, games and sports requisites; parts and accessories thereof",N/A,,
M,340,HND,218,ECU,96,Miscellaneous manufactured articles,N/A,,
M,340,HND,218,ECU,97,Works of art; collectors' pieces and antiques,N/A,,
M,340,HND,222,SLV,01,Animals; live,N/A,,
M,340,HND,222,SLV,02,Meat and edible meat offal,N/A,,
M,340,HND,222,SLV,03,"Fish and crustaceans, molluscs and other aquatic invertebrates",N/A,,
M,340,HND,222,SLV,04,"Dairy produce; birds' eggs; natural honey; edible products of animal origin, not elsewhere specified or included",N/A,,
M,340,HND,222,SLV,06,"Trees and other plants, live; bulbs, roots and the like; cut flowers and ornamental foliage",N/A,,
M,340,HND,222,SLV,07,Vegetables and certain roots and tubers; edible,N/A,,
M,340,HND,222,SLV,08,"Fruit and nuts, edible; peel of citrus fruit or melons",N/A,,
M,340,HND,222,SLV,09,"Coffee, tea, mate and spices",N/A,,
M,340,HND,222,SLV,10,Cereals,N/A,,
M,340,HND,222,SLV,11,"Products of the milling industry; malt, starches, inulin, wheat gluten",N/A,,
M,340,HND,218,ECU,31,Fertilizers,N/A,,
M,340,HND,218,ECU,33,"Essential oils and resinoids; perfumery, cosmetic or toilet preparations",N/A,,
M,340,HND,218,ECU,34,"Soap, organic surface-active agents; washing, lubricating, polishing or scouring preparations; artificial or prepared waxes, candles and similar articles, modelling pastes, dental waxes and dental preparations with a basis of plaster",N/A,,
M,340,HND,218,ECU,35,Albuminoidal substances; modified starches; glues; enzymes,N/A,,
M,340,HND,218,ECU,39,Plastics and articles thereof,N/A,,
M,340,HND,222,SLV,12,"Oil seeds and oleaginous fruits; miscellaneous grains, seeds and fruit, industrial or medicinal plants; straw and fodder",N/A,,
M,340,HND,222,SLV,17,Sugars and sugar confectionery,N/A,,
M,340,HND,222,SLV,18,Cocoa and cocoa preparations,N/A,,
M,340,HND,222,SLV,19,"Preparations of cereals, flour, starch or milk; pastrycooks' products",N/A,,
M,340,HND,222,SLV,20,"Preparations of vegetables, fruit, nuts or other parts of plants",N/A,,
M,340,HND,222,SLV,21,Miscellaneous edible preparations,N/A,,
M,340,HND,222,SLV,39,Plastics and articles thereof,N/A,,
M,340,HND,222,SLV,22,"Beverages, spirits and vinegar",N/A,,
M,340,HND,222,SLV,23,"Food industries, residues and wastes thereof; prepared animal fodder",N/A,,
M,340,HND,222,SLV,24,Tobacco and manufactured tobacco substitutes,N/A,,
M,340,HND,222,SLV,25,"Salt; sulphur; earths, stone; plastering materials, lime and cement",N/A,,
M,340,HND,222,SLV,27,"Mineral fuels, mineral oils and products of their distillation; bituminous substances; mineral waxes",N/A,,
M,340,HND,222,SLV,28,"Inorganic chemicals; organic and inorganic compounds of precious metals; of rare earth metals, of radio-active elements and of isotopes",N/A,,
M,340,HND,222,SLV,29,Organic chemicals,N/A,,
M,340,HND,222,SLV,30,Pharmaceutical products,N/A,,
M,340,HND,222,SLV,31,Fertilizers,N/A,,
M,340,HND,222,SLV,32,"Tanning or dyeing extracts; tannins and their derivatives; dyes, pigments and other colouring matter; paints, varnishes; putty, other mastics; inks",N/A,,
M,340,HND,222,SLV,33,"Essential oils and resinoids; perfumery, cosmetic or toilet preparations",N/A,,
M,340,HND,222,SLV,34,"Soap, organic surface-active agents; washing, lubricating, polishing or scouring preparations; artificial or prepared waxes, candles and similar articles, modelling pastes, dental waxes and dental preparations with a basis of plaster",N/A,,
M,340,HND,222,SLV,14,Vegetable plaiting materials; vegetable products not elsewhere specified or included,N/A,,
M,340,HND,222,SLV,15,Animal or vegetable fats and oils and their cleavage products; prepared animal fats; animal or vegetable waxes,N/A,,
M,340,HND,222,SLV,16,"Meat, fish or crustaceans, molluscs or other aquatic invertebrates; preparations thereof",N/A,,
M,340,HND,222,SLV,37,Photographic or cinematographic goods,N/A,,
M,340,HND,222,SLV,38,Chemical products n.e.c.,N/A,,
M,340,HND,222,SLV,40,Rubber and articles thereof,N/A,,
M,340,HND,222,SLV,41,Raw hides and skins (other than furskins) and leather,N/A,,
M,340,HND,222,SLV,42,"Articles of leather; saddlery and harness; travel goods, handbags and similar containers; articles of animal gut (other than silk-worm gut)",N/A,,
M,340,HND,222,SLV,46,"Manufactures of straw, esparto or other plaiting materials; basketware and wickerwork",N/A,,
M,340,HND,222,SLV,47,Pulp of wood or other fibrous cellulosic material; recovered (waste and scrap) paper or paperboard,N/A,,
M,340,HND,222,SLV,62,Apparel and clothing accessories; not knitted or crocheted,N/A,,
M,340,HND,222,SLV,48,"Paper and paperboard; articles of paper pulp, of paper or paperboard",N/A,,
M,340,HND,222,SLV,35,Albuminoidal substances; modified starches; glues; enzymes,N/A,,
M,340,HND,222,SLV,49,"Printed books, newspapers, pictures and other products of the printing industry; manuscripts, typescripts and plans",N/A,,
M,340,HND,222,SLV,36,Explosives; pyrotechnic products; matches; pyrophoric alloys; certain combustible preparations,N/A,,
M,340,HND,222,SLV,50,Silk,N/A,,
M,340,HND,222,SLV,51,"Wool, fine or coarse animal hair; horsehair yarn and woven fabric",N/A,,
M,340,HND,222,SLV,52,Cotton,N/A,,
M,340,HND,222,SLV,54,Man-made filaments; strip and the like of man-made textile materials,N/A,,
M,340,HND,222,SLV,55,Man-made staple fibres,N/A,,
M,340,HND,222,SLV,56,"Wadding, felt and nonwovens, special yarns; twine, cordage, ropes and cables and articles thereof",N/A,,
M,340,HND,222,SLV,57,Carpets and other textile floor coverings,N/A,,
M,340,HND,222,SLV,58,"Fabrics; special woven fabrics, tufted textile fabrics, lace, tapestries, trimmings, embroidery",N/A,,
M,340,HND,222,SLV,59,"Textile fabrics; impregnated, coated, covered or laminated; textile articles of a kind suitable for industrial use",N/A,,
M,340,HND,222,SLV,60,Fabrics; knitted or crocheted,N/A,,
M,340,HND,222,SLV,61,Apparel and clothing accessories; knitted or crocheted,N/A,,
M,340,HND,222,SLV,73,Iron or steel articles,N/A,,
M,340,HND,222,SLV,44,Wood and articles of wood; wood charcoal,N/A,,
M,340,HND,222,SLV,63,"Textiles, made up articles; sets; worn clothing and worn textile articles; rags",N/A,,
M,340,HND,222,SLV,65,Headgear and parts thereof,N/A,,
M,340,HND,222,SLV,66,"Umbrellas, sun umbrellas, walking-sticks, seat sticks, whips, riding crops; and parts thereof",N/A,,
M,340,HND,222,SLV,67,"Feathers and down, prepared; and articles made of feather or of down; artificial flowers; articles of human hair",N/A,,
M,340,HND,222,SLV,68,"Stone, plaster, cement, asbestos, mica or similar materials; articles thereof",N/A,,
M,340,HND,222,SLV,69,Ceramic products,N/A,,
M,340,HND,222,SLV,70,Glass and glassware,N/A,,
M,340,HND,222,SLV,71,"Natural, cultured pearls; precious, semi-precious stones; precious metals, metals clad with precious metal, and articles thereof; imitation jewellery; coin",N/A,,
M,340,HND,222,SLV,72,Iron and steel,N/A,,
M,340,HND,222,SLV,74,Copper and articles thereof,N/A,,
M,340,HND,222,SLV,75,Nickel and articles thereof,N/A,,
M,340,HND,222,SLV,76,Aluminium and articles thereof,N/A,,
M,340,HND,222,SLV,64,Footwear; gaiters and the like; parts of such articles,N/A,,
M,340,HND,222,SLV,83,Metal; miscellaneous products of base metal,N/A,,
M,340,HND,222,SLV,84,"Nuclear reactors, boilers, machinery and mechanical appliances; parts thereof",N/A,,
M,340,HND,222,SLV,78,Lead and articles thereof,N/A,,
M,340,HND,222,SLV,79,Zinc and articles thereof,N/A,,
M,340,HND,222,SLV,80,Tin; articles thereof,N/A,,
M,340,HND,222,SLV,82,"Tools, implements, cutlery, spoons and forks, of base metal; parts thereof, of base metal",N/A,,
M,340,HND,246,FIN,73,Iron or steel articles,N/A,,
M,340,HND,246,FIN,74,Copper and articles thereof,N/A,,
M,340,HND,246,FIN,79,Zinc and articles thereof,N/A,,
M,340,HND,222,SLV,86,"Railway, tramway locomotives, rolling-stock and parts thereof; railway or tramway track fixtures and fittings and parts thereof; mechanical (including electro-mechanical) traffic signalling equipment of all kinds",N/A,,
M,340,HND,222,SLV,87,"Vehicles; other than railway or tramway rolling stock, and parts and accessories thereof",N/A,,
M,340,HND,222,SLV,88,"Aircraft, spacecraft and parts thereof",N/A,,
M,340,HND,222,SLV,89,"Ships, boats and floating structures",N/A,,
M,340,HND,222,SLV,90,"Optical, photographic, cinematographic, measuring, checking, medical or surgical instruments and apparatus; parts and accessories",N/A,,
M,340,HND,251,FRA,15,Animal or vegetable fats and oils and their cleavage products; prepared animal fats; animal or vegetable waxes,N/A,,
M,340,HND,222,SLV,85,"Electrical machinery and equipment and parts thereof; sound recorders and reproducers; television image and sound recorders and reproducers, parts and accessories of such articles",N/A,,
M,340,HND,222,SLV,91,Clocks and watches and parts thereof,N/A,,
M,340,HND,222,SLV,92,Musical instruments; parts and accessories of such articles,N/A,,
M,340,HND,222,SLV,95,"Toys, games and sports requisites; parts and accessories thereof",N/A,,
M,340,HND,222,SLV,96,Miscellaneous manufactured articles,N/A,,
M,340,HND,222,SLV,97,Works of art; collectors' pieces and antiques,N/A,,
M,340,HND,226,GNQ,27,"Mineral fuels, mineral oils and products of their distillation; bituminous substances; mineral waxes",N/A,,
M,340,HND,226,GNQ,87,"Vehicles; other than railway or tramway rolling stock, and parts and accessories thereof",N/A,,
M,340,HND,233,EST,22,"Beverages, spirits and vinegar",N/A,,
M,340,HND,233,EST,27,"Mineral fuels, mineral oils and products of their distillation; bituminous substances; mineral waxes",N/A,,
M,340,HND,233,EST,73,Iron or steel articles,N/A,,
M,340,HND,233,EST,85,"Electrical machinery and equipment and parts thereof; sound recorders and reproducers; television image and sound recorders and reproducers, parts and accessories of such articles",N/A,,
M,340,HND,246,FIN,20,"Preparations of vegetables, fruit, nuts or other parts of plants",N/A,,
M,340,HND,246,FIN,22,"Beverages, spirits and vinegar",N/A,,
M,340,HND,246,FIN,28,"Inorganic chemicals; organic and inorganic compounds of precious metals; of rare earth metals, of radio-active elements and of isotopes",N/A,,
M,340,HND,246,FIN,30,Pharmaceutical products,N/A,,
M,340,HND,246,FIN,32,"Tanning or dyeing extracts; tannins and their derivatives; dyes, pigments and other colouring matter; paints, varnishes; putty, other mastics; inks",N/A,,
M,340,HND,246,FIN,39,Plastics and articles thereof,N/A,,
M,340,HND,246,FIN,40,Rubber and articles thereof,N/A,,
M,340,HND,246,FIN,48,"Paper and paperboard; articles of paper pulp, of paper or paperboard",N/A,,
M,340,HND,246,FIN,49,"Printed books, newspapers, pictures and other products of the printing industry; manuscripts, typescripts and plans",N/A,,
M,340,HND,246,FIN,84,"Nuclear reactors, boilers, machinery and mechanical appliances; parts thereof",N/A,,
M,340,HND,246,FIN,85,"Electrical machinery and equipment and parts thereof; sound recorders and reproducers; television image and sound recorders and reproducers, parts and accessories of such articles",N/A,,
M,340,HND,246,FIN,87,"Vehicles; other than railway or tramway rolling stock, and parts and accessories thereof",N/A,,
M,340,HND,246,FIN,90,"Optical, photographic, cinematographic, measuring, checking, medical or surgical instruments and apparatus; parts and accessories",N/A,,
M,340,HND,246,FIN,94,"Furniture; bedding, mattresses, mattress supports, cushions and similar stuffed furnishings; lamps and lighting fittings, n.e.c.; illuminated signs, illuminated name-plates and the like; prefabricated buildings",N/A,,
M,340,HND,251,FRA,03,"Fish and crustaceans, molluscs and other aquatic invertebrates",N/A,,
M,340,HND,251,FRA,04,"Dairy produce; birds' eggs; natural honey; edible products of animal origin, not elsewhere specified or included",N/A,,
M,340,HND,251,FRA,05,Animal originated products; not elsewhere specified or included,N/A,,
M,340,HND,251,FRA,09,"Coffee, tea, mate and spices",N/A,,
M,340,HND,251,FRA,11,"Products of the milling industry; malt, starches, inulin, wheat gluten",N/A,,
M,340,HND,251,FRA,12,"Oil seeds and oleaginous fruits; miscellaneous grains, seeds and fruit, industrial or medicinal plants; straw and fodder",N/A,,
M,340,HND,251,FRA,13,"Lac; gums, resins and other vegetable saps and extracts",N/A,,
M,340,HND,251,FRA,17,Sugars and sugar confectionery,N/A,,
M,340,HND,251,FRA,18,Cocoa and cocoa preparations,N/A,,
M,340,HND,251,FRA,19,"Preparations of cereals, flour, starch or milk; pastrycooks' products",N/A,,
M,340,HND,251,FRA,20,"Preparations of vegetables, fruit, nuts or other parts of plants",N/A,,
M,340,HND,251,FRA,21,Miscellaneous edible preparations,N/A,,
M,340,HND,251,FRA,22,"Beverages, spirits and vinegar",N/A,,
M,340,HND,251,FRA,23,"Food industries, residues and wastes thereof; prepared animal fodder",N/A,,
M,340,HND,251,FRA,25,"Salt; sulphur; earths, stone; plastering materials, lime and cement",N/A,,
M,340,HND,251,FRA,27,"Mineral fuels, mineral oils and products of their distillation; bituminous substances; mineral waxes",N/A,,
M,340,HND,222,SLV,93,Arms and ammunition; parts and accessories thereof,N/A,,
M,340,HND,222,SLV,94,"Furniture; bedding, mattresses, mattress supports, cushions and similar stuffed furnishings; lamps and lighting fittings, n.e.c.; illuminated signs, illuminated name-plates and the like; prefabricated buildings",N/A,,
M,340,HND,251,FRA,30,Pharmaceutical products,N/A,,
M,340,HND,251,FRA,31,Fertilizers,N/A,,
M,340,HND,251,FRA,32,"Tanning or dyeing extracts; tannins and their derivatives; dyes, pigments and other colouring matter; paints, varnishes; putty, other mastics; inks",N/A,,
M,340,HND,251,FRA,33,"Essential oils and resinoids; perfumery, cosmetic or toilet preparations",N/A,,
M,340,HND,251,FRA,34,"Soap, organic surface-active agents; washing, lubricating, polishing or scouring preparations; artificial or prepared waxes, candles and similar articles, modelling pastes, dental waxes and dental preparations with a basis of plaster",N/A,,
M,340,HND,251,FRA,35,Albuminoidal substances; modified starches; glues; enzymes,N/A,,
M,340,HND,251,FRA,37,Photographic or cinematographic goods,N/A,,
M,340,HND,251,FRA,38,Chemical products n.e.c.,N/A,,
M,340,HND,251,FRA,39,Plastics and articles thereof,N/A,,
M,340,HND,251,FRA,84,"Nuclear reactors, boilers, machinery and mechanical appliances; parts thereof",N/A,,
M,340,HND,251,FRA,40,Rubber and articles thereof,N/A,,
M,340,HND,251,FRA,42,"Articles of leather; saddlery and harness; travel goods, handbags and similar containers; articles of animal gut (other than silk-worm gut)",N/A,,
M,340,HND,251,FRA,44,Wood and articles of wood; wood charcoal,N/A,,
M,340,HND,251,FRA,48,"Paper and paperboard; articles of paper pulp, of paper or paperboard",N/A,,
M,340,HND,251,FRA,49,"Printed books, newspapers, pictures and other products of the printing industry; manuscripts, typescripts and plans",N/A,,
M,340,HND,251,FRA,52,Cotton,N/A,,
M,340,HND,251,FRA,56,"Wadding, felt and nonwovens, special yarns; twine, cordage, ropes and cables and articles thereof",N/A,,
M,340,HND,251,FRA,57,Carpets and other textile floor coverings,N/A,,
M,340,HND,251,FRA,58,"Fabrics; special woven fabrics, tufted textile fabrics, lace, tapestries, trimmings, embroidery",N/A,,
M,340,HND,251,FRA,59,"Textile fabrics; impregnated, coated, covered or laminated; textile articles of a kind suitable for industrial use",N/A,,
M,340,HND,251,FRA,61,Apparel and clothing accessories; knitted or crocheted,N/A,,
M,340,HND,251,FRA,62,Apparel and clothing accessories; not knitted or crocheted,N/A,,
M,340,HND,251,FRA,28,"Inorganic chemicals; organic and inorganic compounds of precious metals; of rare earth metals, of radio-active elements and of isotopes",N/A,,
M,340,HND,251,FRA,29,Organic chemicals,N/A,,
M,340,HND,251,FRA,63,"Textiles, made up articles; sets; worn clothing and worn textile articles; rags",N/A,,
M,340,HND,251,FRA,67,"Feathers and down, prepared; and articles made of feather or of down; artificial flowers; articles of human hair",N/A,,
M,340,HND,251,FRA,68,"Stone, plaster, cement, asbestos, mica or similar materials; articles thereof",N/A,,
M,340,HND,251,FRA,69,Ceramic products,N/A,,
M,340,HND,251,FRA,70,Glass and glassware,N/A,,
M,340,HND,251,FRA,71,"Natural, cultured pearls; precious, semi-precious stones; precious metals, metals clad with precious metal, and articles thereof; imitation jewellery; coin",N/A,,
M,340,HND,251,FRA,72,Iron and steel,N/A,,
M,340,HND,251,FRA,73,Iron or steel articles,N/A,,
M,340,HND,251,FRA,88,"Aircraft, spacecraft and parts thereof",N/A,,
M,340,HND,251,FRA,89,"Ships, boats and floating structures",N/A,,
M,340,HND,251,FRA,83,Metal; miscellaneous products of base metal,N/A,,
M,340,HND,251,FRA,85,"Electrical machinery and equipment and parts thereof; sound recorders and reproducers; television image and sound recorders and reproducers, parts and accessories of such articles",N/A,,
M,340,HND,276,DEU,18,Cocoa and cocoa preparations,N/A,,
M,340,HND,251,FRA,64,Footwear; gaiters and the like; parts of such articles,N/A,,
M,340,HND,251,FRA,65,Headgear and parts thereof,N/A,,
M,340,HND,251,FRA,66,"Umbrellas, sun umbrellas, walking-sticks, seat sticks, whips, riding crops; and parts thereof",N/A,,
M,340,HND,251,FRA,86,"Railway, tramway locomotives, rolling-stock and parts thereof; railway or tramway track fixtures and fittings and parts thereof; mechanical (including electro-mechanical) traffic signalling equipment of all kinds",N/A,,
M,340,HND,251,FRA,87,"Vehicles; other than railway or tramway rolling stock, and parts and accessories thereof",N/A,,
M,340,HND,251,FRA,90,"Optical, photographic, cinematographic, measuring, checking, medical or surgical instruments and apparatus; parts and accessories",N/A,,
M,340,HND,251,FRA,74,Copper and articles thereof,N/A,,
M,340,HND,251,FRA,76,Aluminium and articles thereof,N/A,,
M,340,HND,251,FRA,79,Zinc and articles thereof,N/A,,
M,340,HND,251,FRA,82,"Tools, implements, cutlery, spoons and forks, of base metal; parts thereof, of base metal",N/A,,
M,340,HND,251,FRA,91,Clocks and watches and parts thereof,N/A,,
M,340,HND,251,FRA,93,Arms and ammunition; parts and accessories thereof,N/A,,
M,340,HND,251,FRA,94,"Furniture; bedding, mattresses, mattress supports, cushions and similar stuffed furnishings; lamps and lighting fittings, n.e.c.; illuminated signs, illuminated name-plates and the like; prefabricated buildings",N/A,,
M,340,HND,251,FRA,95,"Toys, games and sports requisites; parts and accessories thereof",N/A,,
M,340,HND,251,FRA,96,Miscellaneous manufactured articles,N/A,,
M,340,HND,251,FRA,97,Works of art; collectors' pieces and antiques,N/A,,
M,340,HND,268,GEO,22,"Beverages, spirits and vinegar",N/A,,
M,340,HND,268,GEO,40,Rubber and articles thereof,N/A,,
M,340,HND,268,GEO,49,"Printed books, newspapers, pictures and other products of the printing industry; manuscripts, typescripts and plans",N/A,,
M,340,HND,268,GEO,84,"Nuclear reactors, boilers, machinery and mechanical appliances; parts thereof",N/A,,
M,340,HND,268,GEO,85,"Electrical machinery and equipment and parts thereof; sound recorders and reproducers; television image and sound recorders and reproducers, parts and accessories of such articles",N/A,,
M,340,HND,270,GMB,30,Pharmaceutical products,N/A,,
M,340,HND,276,DEU,01,Animals; live,N/A,,
M,340,HND,276,DEU,04,"Dairy produce; birds' eggs; natural honey; edible products of animal origin, not elsewhere specified or included",N/A,,
M,340,HND,276,DEU,05,Animal originated products; not elsewhere specified or included,N/A,,
M,340,HND,276,DEU,09,"Coffee, tea, mate and spices",N/A,,
M,340,HND,276,DEU,11,"Products of the milling industry; malt, starches, inulin, wheat gluten",N/A,,
M,340,HND,276,DEU,13,"Lac; gums, resins and other vegetable saps and extracts",N/A,,
M,340,HND,276,DEU,15,Animal or vegetable fats and oils and their cleavage products; prepared animal fats; animal or vegetable waxes,N/A,,
M,340,HND,276,DEU,16,"Meat, fish or crustaceans, molluscs or other aquatic invertebrates; preparations thereof",N/A,,
M,340,HND,276,DEU,17,Sugars and sugar confectionery,N/A,,
M,340,HND,276,DEU,19,"Preparations of cereals, flour, starch or milk; pastrycooks' products",N/A,,
M,340,HND,276,DEU,20,"Preparations of vegetables, fruit, nuts or other parts of plants",N/A,,
M,340,HND,276,DEU,21,Miscellaneous edible preparations,N/A,,
M,340,HND,276,DEU,40,Rubber and articles thereof,N/A,,
M,340,HND,276,DEU,29,Organic chemicals,N/A,,
M,340,HND,276,DEU,30,Pharmaceutical products,N/A,,
M,340,HND,276,DEU,31,Fertilizers,N/A,,
M,340,HND,276,DEU,61,Apparel and clothing accessories; knitted or crocheted,N/A,,
M,340,HND,276,DEU,32,"Tanning or dyeing extracts; tannins and their derivatives; dyes, pigments and other colouring matter; paints, varnishes; putty, other mastics; inks",N/A,,
M,340,HND,276,DEU,33,"Essential oils and resinoids; perfumery, cosmetic or toilet preparations",N/A,,
M,340,HND,276,DEU,34,"Soap, organic surface-active agents; washing, lubricating, polishing or scouring preparations; artificial or prepared waxes, candles and similar articles, modelling pastes, dental waxes and dental preparations with a basis of plaster",N/A,,
M,340,HND,276,DEU,35,Albuminoidal substances; modified starches; glues; enzymes,N/A,,
M,340,HND,276,DEU,37,Photographic or cinematographic goods,N/A,,
M,340,HND,276,DEU,38,Chemical products n.e.c.,N/A,,
M,340,HND,276,DEU,39,Plastics and articles thereof,N/A,,
M,340,HND,276,DEU,22,"Beverages, spirits and vinegar",N/A,,
M,340,HND,276,DEU,23,"Food industries, residues and wastes thereof; prepared animal fodder",N/A,,
M,340,HND,276,DEU,24,Tobacco and manufactured tobacco substitutes,N/A,,
M,340,HND,276,DEU,25,"Salt; sulphur; earths, stone; plastering materials, lime and cement",N/A,,
M,340,HND,276,DEU,27,"Mineral fuels, mineral oils and products of their distillation; bituminous substances; mineral waxes",N/A,,
M,340,HND,276,DEU,28,"Inorganic chemicals; organic and inorganic compounds of precious metals; of rare earth metals, of radio-active elements and of isotopes",N/A,,
M,340,HND,276,DEU,76,Aluminium and articles thereof,N/A,,
M,340,HND,276,DEU,42,"Articles of leather; saddlery and harness; travel goods, handbags and similar containers; articles of animal gut (other than silk-worm gut)",N/A,,
M,340,HND,276,DEU,44,Wood and articles of wood; wood charcoal,N/A,,
M,340,HND,276,DEU,47,Pulp of wood or other fibrous cellulosic material; recovered (waste and scrap) paper or paperboard,N/A,,
M,340,HND,276,DEU,48,"Paper and paperboard; articles of paper pulp, of paper or paperboard",N/A,,
M,340,HND,276,DEU,49,"Printed books, newspapers, pictures and other products of the printing industry; manuscripts, typescripts and plans",N/A,,
M,340,HND,276,DEU,62,Apparel and clothing accessories; not knitted or crocheted,N/A,,
M,340,HND,276,DEU,63,"Textiles, made up articles; sets; worn clothing and worn textile articles; rags",N/A,,
M,340,HND,276,DEU,64,Footwear; gaiters and the like; parts of such articles,N/A,,
M,340,HND,276,DEU,65,Headgear and parts thereof,N/A,,
M,340,HND,276,DEU,66,"Umbrellas, sun umbrellas, walking-sticks, seat sticks, whips, riding crops; and parts thereof",N/A,,
M,340,HND,276,DEU,68,"Stone, plaster, cement, asbestos, mica or similar materials; articles thereof",N/A,,
M,340,HND,276,DEU,69,Ceramic products,N/A,,
M,340,HND,276,DEU,70,Glass and glassware,N/A,,
M,340,HND,276,DEU,71,"Natural, cultured pearls; precious, semi-precious stones; precious metals, metals clad with precious metal, and articles thereof; imitation jewellery; coin",N/A,,
M,340,HND,276,DEU,72,Iron and steel,N/A,,
M,340,HND,276,DEU,74,Copper and articles thereof,N/A,,
M,340,HND,276,DEU,79,Zinc and articles thereof,N/A,,
M,340,HND,276,DEU,80,Tin; articles thereof,N/A,,
M,340,HND,276,DEU,81,"Metals; n.e.c., cermets and articles thereof",N/A,,
M,340,HND,276,DEU,82,"Tools, implements, cutlery, spoons and forks, of base metal; parts thereof, of base metal",N/A,,
M,340,HND,276,DEU,51,"Wool, fine or coarse animal hair; horsehair yarn and woven fabric",N/A,,
M,340,HND,276,DEU,53,Vegetable textile fibres; paper yarn and woven fabrics of paper yarn,N/A,,
M,340,HND,276,DEU,54,Man-made filaments; strip and the like of man-made textile materials,N/A,,
M,340,HND,276,DEU,56,"Wadding, felt and nonwovens, special yarns; twine, cordage, ropes and cables and articles thereof",N/A,,
M,340,HND,276,DEU,57,Carpets and other textile floor coverings,N/A,,
M,340,HND,276,DEU,58,"Fabrics; special woven fabrics, tufted textile fabrics, lace, tapestries, trimmings, embroidery",N/A,,
M,340,HND,276,DEU,59,"Textile fabrics; impregnated, coated, covered or laminated; textile articles of a kind suitable for industrial use",N/A,,
M,340,HND,276,DEU,83,Metal; miscellaneous products of base metal,N/A,,
M,340,HND,276,DEU,84,"Nuclear reactors, boilers, machinery and mechanical appliances; parts thereof",N/A,,
M,340,HND,276,DEU,73,Iron or steel articles,N/A,,
M,340,HND,276,DEU,93,Arms and ammunition; parts and accessories thereof,N/A,,
M,340,HND,276,DEU,94,"Furniture; bedding, mattresses, mattress supports, cushions and similar stuffed furnishings; lamps and lighting fittings, n.e.c.; illuminated signs, illuminated name-plates and the like; prefabricated buildings",N/A,,
M,340,HND,276,DEU,85,"Electrical machinery and equipment and parts thereof; sound recorders and reproducers; television image and sound recorders and reproducers, parts and accessories of such articles",N/A,,
M,340,HND,276,DEU,86,"Railway, tramway locomotives, rolling-stock and parts thereof; railway or tramway track fixtures and fittings and parts thereof; mechanical (including electro-mechanical) traffic signalling equipment of all kinds",N/A,,
M,340,HND,276,DEU,87,"Vehicles; other than railway or tramway rolling stock, and parts and accessories thereof",N/A,,
M,340,HND,320,GTM,06,"Trees and other plants, live; bulbs, roots and the like; cut flowers and ornamental foliage",N/A,,
M,340,HND,276,DEU,88,"Aircraft, spacecraft and parts thereof",N/A,,
M,340,HND,276,DEU,89,"Ships, boats and floating structures",N/A,,
M,340,HND,276,DEU,90,"Optical, photographic, cinematographic, measuring, checking, medical or surgical instruments and apparatus; parts and accessories",N/A,,
M,340,HND,276,DEU,91,Clocks and watches and parts thereof,N/A,,
M,340,HND,320,GTM,15,Animal or vegetable fats and oils and their cleavage products; prepared animal fats; animal or vegetable waxes,N/A,,
M,340,HND,276,DEU,95,"Toys, games and sports requisites; parts and accessories thereof",N/A,,
M,340,HND,276,DEU,96,Miscellaneous manufactured articles,N/A,,
M,340,HND,276,DEU,97,Works of art; collectors' pieces and antiques,N/A,,
M,340,HND,288,GHA,12,"Oil seeds and oleaginous fruits; miscellaneous grains, seeds and fruit, industrial or medicinal plants; straw and fodder",N/A,,
M,340,HND,288,GHA,20,"Preparations of vegetables, fruit, nuts or other parts of plants",N/A,,
M,340,HND,288,GHA,25,"Salt; sulphur; earths, stone; plastering materials, lime and cement",N/A,,
M,340,HND,300,GRC,20,"Preparations of vegetables, fruit, nuts or other parts of plants",N/A,,
M,340,HND,300,GRC,21,Miscellaneous edible preparations,N/A,,
M,340,HND,300,GRC,39,Plastics and articles thereof,N/A,,
M,340,HND,300,GRC,40,Rubber and articles thereof,N/A,,
M,340,HND,300,GRC,48,"Paper and paperboard; articles of paper pulp, of paper or paperboard",N/A,,
M,340,HND,300,GRC,49,"Printed books, newspapers, pictures and other products of the printing industry; manuscripts, typescripts and plans",N/A,,
M,340,HND,300,GRC,57,Carpets and other textile floor coverings,N/A,,
M,340,HND,300,GRC,61,Apparel and clothing accessories; knitted or crocheted,N/A,,
M,340,HND,300,GRC,73,Iron or steel articles,N/A,,
M,340,HND,300,GRC,82,"Tools, implements, cutlery, spoons and forks, of base metal; parts thereof, of base metal",N/A,,
M,340,HND,300,GRC,84,"Nuclear reactors, boilers, machinery and mechanical appliances; parts thereof",N/A,,
M,340,HND,300,GRC,85,"Electrical machinery and equipment and parts thereof; sound recorders and reproducers; television image and sound recorders and reproducers, parts and accessories of such articles",N/A,,
M,340,HND,320,GTM,23,"Food industries, residues and wastes thereof; prepared animal fodder",N/A,,
M,340,HND,300,GRC,94,"Furniture; bedding, mattresses, mattress supports, cushions and similar stuffed furnishings; lamps and lighting fittings, n.e.c.; illuminated signs, illuminated name-plates and the like; prefabricated buildings",N/A,,
M,340,HND,320,GTM,01,Animals; live,N/A,,
M,340,HND,320,GTM,02,Meat and edible meat offal,N/A,,
M,340,HND,320,GTM,03,"Fish and crustaceans, molluscs and other aquatic invertebrates",N/A,,
M,340,HND,320,GTM,04,"Dairy produce; birds' eggs; natural honey; edible products of animal origin, not elsewhere specified or included",N/A,,
M,340,HND,320,GTM,07,Vegetables and certain roots and tubers; edible,N/A,,
M,340,HND,276,DEU,92,Musical instruments; parts and accessories of such articles,N/A,,
M,340,HND,320,GTM,10,Cereals,N/A,,
M,340,HND,320,GTM,11,"Products of the milling industry; malt, starches, inulin, wheat gluten",N/A,,
M,340,HND,320,GTM,12,"Oil seeds and oleaginous fruits; miscellaneous grains, seeds and fruit, industrial or medicinal plants; straw and fodder",N/A,,
M,340,HND,320,GTM,13,"Lac; gums, resins and other vegetable saps and extracts",N/A,,
M,340,HND,320,GTM,14,Vegetable plaiting materials; vegetable products not elsewhere specified or included,N/A,,
M,340,HND,320,GTM,16,"Meat, fish or crustaceans, molluscs or other aquatic invertebrates; preparations thereof",N/A,,
M,340,HND,320,GTM,17,Sugars and sugar confectionery,N/A,,
M,340,HND,320,GTM,18,Cocoa and cocoa preparations,N/A,,
M,340,HND,320,GTM,19,"Preparations of cereals, flour, starch or milk; pastrycooks' products",N/A,,
M,340,HND,320,GTM,20,"Preparations of vegetables, fruit, nuts or other parts of plants",N/A,,
M,340,HND,320,GTM,21,Miscellaneous edible preparations,N/A,,
M,340,HND,320,GTM,22,"Beverages, spirits and vinegar",N/A,,
M,340,HND,320,GTM,24,Tobacco and manufactured tobacco substitutes,N/A,,
M,340,HND,320,GTM,25,"Salt; sulphur; earths, stone; plastering materials, lime and cement",N/A,,
M,340,HND,320,GTM,33,"Essential oils and resinoids; perfumery, cosmetic or toilet preparations",N/A,,
M,340,HND,320,GTM,27,"Mineral fuels, mineral oils and products of their distillation; bituminous substances; mineral waxes",N/A,,
M,340,HND,320,GTM,28,"Inorganic chemicals; organic and inorganic compounds of precious metals; of rare earth metals, of radio-active elements and of isotopes",N/A,,
M,340,HND,320,GTM,08,"Fruit and nuts, edible; peel of citrus fruit or melons",N/A,,
M,340,HND,320,GTM,09,"Coffee, tea, mate and spices",N/A,,
M,340,HND,320,GTM,29,Organic chemicals,N/A,,
M,340,HND,320,GTM,30,Pharmaceutical products,N/A,,
M,340,HND,320,GTM,43,Furskins and artificial fur; manufactures thereof,N/A,,
M,340,HND,320,GTM,44,Wood and articles of wood; wood charcoal,N/A,,
M,340,HND,320,GTM,31,Fertilizers,N/A,,
M,340,HND,320,GTM,32,"Tanning or dyeing extracts; tannins and their derivatives; dyes, pigments and other colouring matter; paints, varnishes; putty, other mastics; inks",N/A,,
M,340,HND,320,GTM,34,"Soap, organic surface-active agents; washing, lubricating, polishing or scouring preparations; artificial or prepared waxes, candles and similar articles, modelling pastes, dental waxes and dental preparations with a basis of plaster",N/A,,
M,340,HND,320,GTM,37,Photographic or cinematographic goods,N/A,,
M,340,HND,320,GTM,39,Plastics and articles thereof,N/A,,
M,340,HND,320,GTM,40,Rubber and articles thereof,N/A,,
M,340,HND,320,GTM,41,Raw hides and skins (other than furskins) and leather,N/A,,
M,340,HND,320,GTM,42,"Articles of leather; saddlery and harness; travel goods, handbags and similar containers; articles of animal gut (other than silk-worm gut)",N/A,,
M,340,HND,320,GTM,60,Fabrics; knitted or crocheted,N/A,,
M,340,HND,320,GTM,45,Cork and articles of cork,N/A,,
M,340,HND,320,GTM,46,"Manufactures of straw, esparto or other plaiting materials; basketware and wickerwork",N/A,,
M,340,HND,320,GTM,47,Pulp of wood or other fibrous cellulosic material; recovered (waste and scrap) paper or paperboard,N/A,,
M,340,HND,320,GTM,48,"Paper and paperboard; articles of paper pulp, of paper or paperboard",N/A,,
M,340,HND,320,GTM,35,Albuminoidal substances; modified starches; glues; enzymes,N/A,,
M,340,HND,320,GTM,36,Explosives; pyrotechnic products; matches; pyrophoric alloys; certain combustible preparations,N/A,,
M,340,HND,320,GTM,38,Chemical products n.e.c.,N/A,,
M,340,HND,320,GTM,63,"Textiles, made up articles; sets; worn clothing and worn textile articles; rags",N/A,,
M,340,HND,320,GTM,49,"Printed books, newspapers, pictures and other products of the printing industry; manuscripts, typescripts and plans",N/A,,
M,340,HND,320,GTM,51,"Wool, fine or coarse animal hair; horsehair yarn and woven fabric",N/A,,
M,340,HND,320,GTM,53,Vegetable textile fibres; paper yarn and woven fabrics of paper yarn,N/A,,
M,340,HND,320,GTM,54,Man-made filaments; strip and the like of man-made textile materials,N/A,,
M,340,HND,320,GTM,65,Headgear and parts thereof,N/A,,
M,340,HND,320,GTM,55,Man-made staple fibres,N/A,,
M,340,HND,320,GTM,56,"Wadding, felt and nonwovens, special yarns; twine, cordage, ropes and cables and articles thereof",N/A,,
M,340,HND,320,GTM,57,Carpets and other textile floor coverings,N/A,,
M,340,HND,320,GTM,58,"Fabrics; special woven fabrics, tufted textile fabrics, lace, tapestries, trimmings, embroidery",N/A,,
M,340,HND,320,GTM,59,"Textile fabrics; impregnated, coated, covered or laminated; textile articles of a kind suitable for industrial use",N/A,,
M,340,HND,320,GTM,61,Apparel and clothing accessories; knitted or crocheted,N/A,,
M,340,HND,320,GTM,62,Apparel and clothing accessories; not knitted or crocheted,N/A,,
M,340,HND,320,GTM,64,Footwear; gaiters and the like; parts of such articles,N/A,,
M,340,HND,320,GTM,52,Cotton,N/A,,
M,340,HND,320,GTM,66,"Umbrellas, sun umbrellas, walking-sticks, seat sticks, whips, riding crops; and parts thereof",N/A,,
M,340,HND,320,GTM,67,"Feathers and down, prepared; and articles made of feather or of down; artificial flowers; articles of human hair",N/A,,
M,340,HND,320,GTM,68,"Stone, plaster, cement, asbestos, mica or similar materials; articles thereof",N/A,,
M,340,HND,320,GTM,69,Ceramic products,N/A,,
M,340,HND,320,GTM,70,Glass and glassware,N/A,,
M,340,HND,320,GTM,71,"Natural, cultured pearls; precious, semi-precious stones; precious metals, metals clad with precious metal, and articles thereof; imitation jewellery; coin",N/A,,
M,340,HND,320,GTM,72,Iron and steel,N/A,,
M,340,HND,320,GTM,73,Iron or steel articles,N/A,,
M,340,HND,320,GTM,74,Copper and articles thereof,N/A,,
M,340,HND,320,GTM,75,Nickel and articles thereof,N/A,,
M,340,HND,320,GTM,76,Aluminium and articles thereof,N/A,,
M,340,HND,320,GTM,78,Lead and articles thereof,N/A,,
M,340,HND,320,GTM,79,Zinc and articles thereof,N/A,,
M,340,HND,320,GTM,80,Tin; articles thereof,N/A,,
M,340,HND,320,GTM,81,"Metals; n.e.c., cermets and articles thereof",N/A,,
M,340,HND,320,GTM,82,"Tools, implements, cutlery, spoons and forks, of base metal; parts thereof, of base metal",N/A,,
M,340,HND,320,GTM,83,Metal; miscellaneous products of base metal,N/A,,
M,340,HND,320,GTM,84,"Nuclear reactors, boilers, machinery and mechanical appliances; parts thereof",N/A,,
M,340,HND,320,GTM,86,"Railway, tramway locomotives, rolling-stock and parts thereof; railway or tramway track fixtures and fittings and parts thereof; mechanical (including electro-mechanical) traffic signalling equipment of all kinds",N/A,,
M,340,HND,320,GTM,85,"Electrical machinery and equipment and parts thereof; sound recorders and reproducers; television image and sound recorders and reproducers, parts and accessories of such articles",N/A,,
M,340,HND,320,GTM,87,"Vehicles; other than railway or tramway rolling stock, and parts and accessories thereof",N/A,,
M,340,HND,320,GTM,89,"Ships, boats and floating structures",N/A,,
M,340,HND,320,GTM,90,"Optical, photographic, cinematographic, measuring, checking, medical or surgical instruments and apparatus; parts and accessories",N/A,,
M,340,HND,344,HKG,22,"Beverages, spirits and vinegar",N/A,,
M,340,HND,344,HKG,25,"Salt; sulphur; earths, stone; plastering materials, lime and cement",N/A,,
M,340,HND,344,HKG,28,"Inorganic chemicals; organic and inorganic compounds of precious metals; of rare earth metals, of radio-active elements and of isotopes",N/A,,
M,340,HND,320,GTM,91,Clocks and watches and parts thereof,N/A,,
M,340,HND,320,GTM,92,Musical instruments; parts and accessories of such articles,N/A,,
M,340,HND,320,GTM,93,Arms and ammunition; parts and accessories thereof,N/A,,
M,340,HND,320,GTM,94,"Furniture; bedding, mattresses, mattress supports, cushions and similar stuffed furnishings; lamps and lighting fittings, n.e.c.; illuminated signs, illuminated name-plates and the like; prefabricated buildings",N/A,,
M,340,HND,320,GTM,95,"Toys, games and sports requisites; parts and accessories thereof",N/A,,
M,340,HND,320,GTM,96,Miscellaneous manufactured articles,N/A,,
M,340,HND,320,GTM,97,Works of art; collectors' pieces and antiques,N/A,,
M,340,HND,324,GIN,39,Plastics and articles thereof,N/A,,
M,340,HND,324,GIN,44,Wood and articles of wood; wood charcoal,N/A,,
M,340,HND,324,GIN,49,"Printed books, newspapers, pictures and other products of the printing industry; manuscripts, typescripts and plans",N/A,,
M,340,HND,324,GIN,63,"Textiles, made up articles; sets; worn clothing and worn textile articles; rags",N/A,,
M,340,HND,324,GIN,87,"Vehicles; other than railway or tramway rolling stock, and parts and accessories thereof",N/A,,
M,340,HND,324,GIN,95,"Toys, games and sports requisites; parts and accessories thereof",N/A,,
M,340,HND,332,HTI,39,Plastics and articles thereof,N/A,,
M,340,HND,332,HTI,49,"Printed books, newspapers, pictures and other products of the printing industry; manuscripts, typescripts and plans",N/A,,
M,340,HND,332,HTI,63,"Textiles, made up articles; sets; worn clothing and worn textile articles; rags",N/A,,
M,340,HND,332,HTI,69,Ceramic products,N/A,,
M,340,HND,332,HTI,70,Glass and glassware,N/A,,
M,340,HND,332,HTI,73,Iron or steel articles,N/A,,
M,340,HND,332,HTI,84,"Nuclear reactors, boilers, machinery and mechanical appliances; parts thereof",N/A,,
M,340,HND,332,HTI,85,"Electrical machinery and equipment and parts thereof; sound recorders and reproducers; television image and sound recorders and reproducers, parts and accessories of such articles",N/A,,
M,340,HND,332,HTI,94,"Furniture; bedding, mattresses, mattress supports, cushions and similar stuffed furnishings; lamps and lighting fittings, n.e.c.; illuminated signs, illuminated name-plates and the like; prefabricated buildings",N/A,,
M,340,HND,332,HTI,97,Works of art; collectors' pieces and antiques,N/A,,
M,340,HND,334,HMD,70,Glass and glassware,N/A,,
M,340,HND,334,HMD,90,"Optical, photographic, cinematographic, measuring, checking, medical or surgical instruments and apparatus; parts and accessories",N/A,,
M,340,HND,336,VAT,85,"Electrical machinery and equipment and parts thereof; sound recorders and reproducers; television image and sound recorders and reproducers, parts and accessories of such articles",N/A,,
M,340,HND,336,VAT,94,"Furniture; bedding, mattresses, mattress supports, cushions and similar stuffed furnishings; lamps and lighting fittings, n.e.c.; illuminated signs, illuminated name-plates and the like; prefabricated buildings",N/A,,
M,340,HND,344,HKG,03,"Fish and crustaceans, molluscs and other aquatic invertebrates",N/A,,
M,340,HND,344,HKG,07,Vegetables and certain roots and tubers; edible,N/A,,
M,340,HND,344,HKG,08,"Fruit and nuts, edible; peel of citrus fruit or melons",N/A,,
M,340,HND,344,HKG,09,"Coffee, tea, mate and spices",N/A,,
M,340,HND,344,HKG,11,"Products of the milling industry; malt, starches, inulin, wheat gluten",N/A,,
M,340,HND,320,GTM,88,"Aircraft, spacecraft and parts thereof",N/A,,
M,340,HND,344,HKG,15,Animal or vegetable fats and oils and their cleavage products; prepared animal fats; animal or vegetable waxes,N/A,,
M,340,HND,344,HKG,17,Sugars and sugar confectionery,N/A,,
M,340,HND,344,HKG,19,"Preparations of cereals, flour, starch or milk; pastrycooks' products",N/A,,
M,340,HND,344,HKG,20,"Preparations of vegetables, fruit, nuts or other parts of plants",N/A,,
M,340,HND,344,HKG,30,Pharmaceutical products,N/A,,
M,340,HND,344,HKG,32,"Tanning or dyeing extracts; tannins and their derivatives; dyes, pigments and other colouring matter; paints, varnishes; putty, other mastics; inks",N/A,,
M,340,HND,344,HKG,33,"Essential oils and resinoids; perfumery, cosmetic or toilet preparations",N/A,,
M,340,HND,344,HKG,34,"Soap, organic surface-active agents; washing, lubricating, polishing or scouring preparations; artificial or prepared waxes, candles and similar articles, modelling pastes, dental waxes and dental preparations with a basis of plaster",N/A,,
M,340,HND,344,HKG,37,Photographic or cinematographic goods,N/A,,
M,340,HND,344,HKG,38,Chemical products n.e.c.,N/A,,
M,340,HND,344,HKG,39,Plastics and articles thereof,N/A,,
M,340,HND,344,HKG,40,Rubber and articles thereof,N/A,,
M,340,HND,344,HKG,42,"Articles of leather; saddlery and harness; travel goods, handbags and similar containers; articles of animal gut (other than silk-worm gut)",N/A,,
M,340,HND,344,HKG,44,Wood and articles of wood; wood charcoal,N/A,,
M,340,HND,344,HKG,45,Cork and articles of cork,N/A,,
M,340,HND,344,HKG,46,"Manufactures of straw, esparto or other plaiting materials; basketware and wickerwork",N/A,,
M,340,HND,344,HKG,48,"Paper and paperboard; articles of paper pulp, of paper or paperboard",N/A,,
M,340,HND,344,HKG,49,"Printed books, newspapers, pictures and other products of the printing industry; manuscripts, typescripts and plans",N/A,,
M,340,HND,344,HKG,54,Man-made filaments; strip and the like of man-made textile materials,N/A,,
M,340,HND,344,HKG,56,"Wadding, felt and nonwovens, special yarns; twine, cordage, ropes and cables and articles thereof",N/A,,
M,340,HND,344,HKG,58,"Fabrics; special woven fabrics, tufted textile fabrics, lace, tapestries, trimmings, embroidery",N/A,,
M,340,HND,344,HKG,59,"Textile fabrics; impregnated, coated, covered or laminated; textile articles of a kind suitable for industrial use",N/A,,
M,340,HND,344,HKG,61,Apparel and clothing accessories; knitted or crocheted,N/A,,
M,340,HND,344,HKG,62,Apparel and clothing accessories; not knitted or crocheted,N/A,,
M,340,HND,344,HKG,63,"Textiles, made up articles; sets; worn clothing and worn textile articles; rags",N/A,,
M,340,HND,344,HKG,64,Footwear; gaiters and the like; parts of such articles,N/A,,
M,340,HND,344,HKG,65,Headgear and parts thereof,N/A,,
M,340,HND,344,HKG,66,"Umbrellas, sun umbrellas, walking-sticks, seat sticks, whips, riding crops; and parts thereof",N/A,,
M,340,HND,344,HKG,67,"Feathers and down, prepared; and articles made of feather or of down; artificial flowers; articles of human hair",N/A,,
M,340,HND,344,HKG,68,"Stone, plaster, cement, asbestos, mica or similar materials; articles thereof",N/A,,
M,340,HND,344,HKG,69,Ceramic products,N/A,,
M,340,HND,344,HKG,70,Glass and glassware,N/A,,
M,340,HND,344,HKG,71,"Natural, cultured pearls; precious, semi-precious stones; precious metals, metals clad with precious metal, and articles thereof; imitation jewellery; coin",N/A,,
M,340,HND,344,HKG,73,Iron or steel articles,N/A,,
M,340,HND,344,HKG,74,Copper and articles thereof,N/A,,
M,340,HND,344,HKG,21,Miscellaneous edible preparations,N/A,,
M,340,HND,344,HKG,83,Metal; miscellaneous products of base metal,N/A,,
M,340,HND,344,HKG,84,"Nuclear reactors, boilers, machinery and mechanical appliances; parts thereof",N/A,,
M,340,HND,344,HKG,85,"Electrical machinery and equipment and parts thereof; sound recorders and reproducers; television image and sound recorders and reproducers, parts and accessories of such articles",N/A,,
M,340,HND,344,HKG,87,"Vehicles; other than railway or tramway rolling stock, and parts and accessories thereof",N/A,,
M,340,HND,344,HKG,90,"Optical, photographic, cinematographic, measuring, checking, medical or surgical instruments and apparatus; parts and accessories",N/A,,
M,340,HND,344,HKG,91,Clocks and watches and parts thereof,N/A,,
M,340,HND,344,HKG,92,Musical instruments; parts and accessories of such articles,N/A,,
M,340,HND,344,HKG,94,"Furniture; bedding, mattresses, mattress supports, cushions and similar stuffed furnishings; lamps and lighting fittings, n.e.c.; illuminated signs, illuminated name-plates and the like; prefabricated buildings",N/A,,
M,340,HND,344,HKG,95,"Toys, games and sports requisites; parts and accessories thereof",N/A,,
M,340,HND,344,HKG,96,Miscellaneous manufactured articles,N/A,,
M,340,HND,344,HKG,76,Aluminium and articles thereof,N/A,,
M,340,HND,344,HKG,82,"Tools, implements, cutlery, spoons and forks, of base metal; parts thereof, of base metal",N/A,,
M,340,HND,348,HUN,38,Chemical products n.e.c.,N/A,,
M,340,HND,348,HUN,40,Rubber and articles thereof,N/A,,
M,340,HND,348,HUN,48,"Paper and paperboard; articles of paper pulp, of paper or paperboard",N/A,,
M,340,HND,348,HUN,62,Apparel and clothing accessories; not knitted or crocheted,N/A,,
M,340,HND,348,HUN,70,Glass and glassware,N/A,,
M,340,HND,348,HUN,73,Iron or steel articles,N/A,,
M,340,HND,348,HUN,82,"Tools, implements, cutlery, spoons and forks, of base metal; parts thereof, of base metal",N/A,,
M,340,HND,348,HUN,84,"Nuclear reactors, boilers, machinery and mechanical appliances; parts thereof",N/A,,
M,340,HND,348,HUN,85,"Electrical machinery and equipment and parts thereof; sound recorders and reproducers; television image and sound recorders and reproducers, parts and accessories of such articles",N/A,,
M,340,HND,348,HUN,87,"Vehicles; other than railway or tramway rolling stock, and parts and accessories thereof",N/A,,
M,340,HND,348,HUN,90,"Optical, photographic, cinematographic, measuring, checking, medical or surgical instruments and apparatus; parts and accessories",N/A,,
M,340,HND,352,ISL,38,Chemical products n.e.c.,N/A,,
M,340,HND,352,ISL,49,"Printed books, newspapers, pictures and other products of the printing industry; manuscripts, typescripts and plans",N/A,,
M,340,HND,352,ISL,84,"Nuclear reactors, boilers, machinery and mechanical appliances; parts thereof",N/A,,
M,340,HND,352,ISL,87,"Vehicles; other than railway or tramway rolling stock, and parts and accessories thereof",N/A,,
M,340,HND,352,ISL,90,"Optical, photographic, cinematographic, measuring, checking, medical or surgical instruments and apparatus; parts and accessories",N/A,,
M,340,HND,352,ISL,91,Clocks and watches and parts thereof,N/A,,
M,340,HND,360,IDN,03,"Fish and crustaceans, molluscs and other aquatic invertebrates",N/A,,
M,340,HND,360,IDN,09,"Coffee, tea, mate and spices",N/A,,
M,340,HND,360,IDN,24,Tobacco and manufactured tobacco substitutes,N/A,,
M,340,HND,360,IDN,30,Pharmaceutical products,N/A,,
M,340,HND,360,IDN,34,"Soap, organic surface-active agents; washing, lubricating, polishing or scouring preparations; artificial or prepared waxes, candles and similar articles, modelling pastes, dental waxes and dental preparations with a basis of plaster",N/A,,
M,340,HND,360,IDN,38,Chemical products n.e.c.,N/A,,
M,340,HND,360,IDN,39,Plastics and articles thereof,N/A,,
M,340,HND,360,IDN,40,Rubber and articles thereof,N/A,,
M,340,HND,360,IDN,42,"Articles of leather; saddlery and harness; travel goods, handbags and similar containers; articles of animal gut (other than silk-worm gut)",N/A,,
M,340,HND,360,IDN,44,Wood and articles of wood; wood charcoal,N/A,,
M,340,HND,360,IDN,46,"Manufactures of straw, esparto or other plaiting materials; basketware and wickerwork",N/A,,
M,340,HND,360,IDN,48,"Paper and paperboard; articles of paper pulp, of paper or paperboard",N/A,,
M,340,HND,360,IDN,49,"Printed books, newspapers, pictures and other products of the printing industry; manuscripts, typescripts and plans",N/A,,
M,340,HND,360,IDN,55,Man-made staple fibres,N/A,,
M,340,HND,360,IDN,56,"Wadding, felt and nonwovens, special yarns; twine, cordage, ropes and cables and articles thereof",N/A,,
M,340,HND,360,IDN,61,Apparel and clothing accessories; knitted or crocheted,N/A,,
M,340,HND,360,IDN,62,Apparel and clothing accessories; not knitted or crocheted,N/A,,
M,340,HND,360,IDN,64,Footwear; gaiters and the like; parts of such articles,N/A,,
M,340,HND,360,IDN,68,"Stone, plaster, cement, asbestos, mica or similar materials; articles thereof",N/A,,
M,340,HND,360,IDN,70,Glass and glassware,N/A,,
M,340,HND,360,IDN,71,"Natural, cultured pearls; precious, semi-precious stones; precious metals, metals clad with precious metal, and articles thereof; imitation jewellery; coin",N/A,,
M,340,HND,360,IDN,73,Iron or steel articles,N/A,,
M,340,HND,360,IDN,83,Metal; miscellaneous products of base metal,N/A,,
M,340,HND,360,IDN,84,"Nuclear reactors, boilers, machinery and mechanical appliances; parts thereof",N/A,,
M,340,HND,360,IDN,87,"Vehicles; other than railway or tramway rolling stock, and parts and accessories thereof",N/A,,
M,340,HND,348,HUN,30,Pharmaceutical products,N/A,,
M,340,HND,360,IDN,90,"Optical, photographic, cinematographic, measuring, checking, medical or surgical instruments and apparatus; parts and accessories",N/A,,
M,340,HND,360,IDN,94,"Furniture; bedding, mattresses, mattress supports, cushions and similar stuffed furnishings; lamps and lighting fittings, n.e.c.; illuminated signs, illuminated name-plates and the like; prefabricated buildings",N/A,,
M,340,HND,360,IDN,95,"Toys, games and sports requisites; parts and accessories thereof",N/A,,
M,340,HND,360,IDN,96,Miscellaneous manufactured articles,N/A,,
M,340,HND,368,IRQ,39,Plastics and articles thereof,N/A,,
M,340,HND,368,IRQ,42,"Articles of leather; saddlery and harness; travel goods, handbags and similar containers; articles of animal gut (other than silk-worm gut)",N/A,,
M,340,HND,368,IRQ,49,"Printed books, newspapers, pictures and other products of the printing industry; manuscripts, typescripts and plans",N/A,,
M,340,HND,368,IRQ,63,"Textiles, made up articles; sets; worn clothing and worn textile articles; rags",N/A,,
M,340,HND,368,IRQ,69,Ceramic products,N/A,,
M,340,HND,368,IRQ,84,"Nuclear reactors, boilers, machinery and mechanical appliances; parts thereof",N/A,,
M,340,HND,368,IRQ,85,"Electrical machinery and equipment and parts thereof; sound recorders and reproducers; television image and sound recorders and reproducers, parts and accessories of such articles",N/A,,
M,340,HND,372,IRL,19,"Preparations of cereals, flour, starch or milk; pastrycooks' products",N/A,,
M,340,HND,372,IRL,21,Miscellaneous edible preparations,N/A,,
M,340,HND,372,IRL,22,"Beverages, spirits and vinegar",N/A,,
M,340,HND,372,IRL,39,Plastics and articles thereof,N/A,,
M,340,HND,372,IRL,40,Rubber and articles thereof,N/A,,
M,340,HND,372,IRL,48,"Paper and paperboard; articles of paper pulp, of paper or paperboard",N/A,,
M,340,HND,372,IRL,49,"Printed books, newspapers, pictures and other products of the printing industry; manuscripts, typescripts and plans",N/A,,
M,340,HND,372,IRL,70,Glass and glassware,N/A,,
M,340,HND,372,IRL,72,Iron and steel,N/A,,
M,340,HND,372,IRL,73,Iron or steel articles,N/A,,
M,340,HND,372,IRL,84,"Nuclear reactors, boilers, machinery and mechanical appliances; parts thereof",N/A,,
M,340,HND,372,IRL,85,"Electrical machinery and equipment and parts thereof; sound recorders and reproducers; television image and sound recorders and reproducers, parts and accessories of such articles",N/A,,
M,340,HND,372,IRL,87,"Vehicles; other than railway or tramway rolling stock, and parts and accessories thereof",N/A,,
M,340,HND,372,IRL,90,"Optical, photographic, cinematographic, measuring, checking, medical or surgical instruments and apparatus; parts and accessories",N/A,,
M,340,HND,376,ISR,03,"Fish and crustaceans, molluscs and other aquatic invertebrates",N/A,,
M,340,HND,376,ISR,07,Vegetables and certain roots and tubers; edible,N/A,,
M,340,HND,376,ISR,12,"Oil seeds and oleaginous fruits; miscellaneous grains, seeds and fruit, industrial or medicinal plants; straw and fodder",N/A,,
M,340,HND,376,ISR,17,Sugars and sugar confectionery,N/A,,
M,340,HND,376,ISR,20,"Preparations of vegetables, fruit, nuts or other parts of plants",N/A,,
M,340,HND,376,ISR,25,"Salt; sulphur; earths, stone; plastering materials, lime and cement",N/A,,
M,340,HND,376,ISR,28,"Inorganic chemicals; organic and inorganic compounds of precious metals; of rare earth metals, of radio-active elements and of isotopes",N/A,,
M,340,HND,376,ISR,29,Organic chemicals,N/A,,
M,340,HND,376,ISR,30,Pharmaceutical products,N/A,,
M,340,HND,376,ISR,31,Fertilizers,N/A,,
M,340,HND,376,ISR,32,"Tanning or dyeing extracts; tannins and their derivatives; dyes, pigments and other colouring matter; paints, varnishes; putty, other mastics; inks",N/A,,
M,340,HND,376,ISR,33,"Essential oils and resinoids; perfumery, cosmetic or toilet preparations",N/A,,
M,340,HND,376,ISR,34,"Soap, organic surface-active agents; washing, lubricating, polishing or scouring preparations; artificial or prepared waxes, candles and similar articles, modelling pastes, dental waxes and dental preparations with a basis of plaster",N/A,,
M,340,HND,376,ISR,38,Chemical products n.e.c.,N/A,,
M,340,HND,376,ISR,40,Rubber and articles thereof,N/A,,
M,340,HND,376,ISR,49,"Printed books, newspapers, pictures and other products of the printing industry; manuscripts, typescripts and plans",N/A,,
M,340,HND,376,ISR,54,Man-made filaments; strip and the like of man-made textile materials,N/A,,
M,340,HND,360,IDN,85,"Electrical machinery and equipment and parts thereof; sound recorders and reproducers; television image and sound recorders and reproducers, parts and accessories of such articles",N/A,,
M,340,HND,376,ISR,90,"Optical, photographic, cinematographic, measuring, checking, medical or surgical instruments and apparatus; parts and accessories",N/A,,
M,340,HND,376,ISR,93,Arms and ammunition; parts and accessories thereof,N/A,,
M,340,HND,376,ISR,94,"Furniture; bedding, mattresses, mattress supports, cushions and similar stuffed furnishings; lamps and lighting fittings, n.e.c.; illuminated signs, illuminated name-plates and the like; prefabricated buildings",N/A,,
M,340,HND,376,ISR,96,Miscellaneous manufactured articles,N/A,,
M,340,HND,372,IRL,30,Pharmaceutical products,N/A,,
M,340,HND,372,IRL,32,"Tanning or dyeing extracts; tannins and their derivatives; dyes, pigments and other colouring matter; paints, varnishes; putty, other mastics; inks",N/A,,
M,340,HND,372,IRL,33,"Essential oils and resinoids; perfumery, cosmetic or toilet preparations",N/A,,
M,340,HND,372,IRL,37,Photographic or cinematographic goods,N/A,,
M,340,HND,372,IRL,38,Chemical products n.e.c.,N/A,,
M,340,HND,380,ITA,04,"Dairy produce; birds' eggs; natural honey; edible products of animal origin, not elsewhere specified or included",N/A,,
M,340,HND,380,ITA,07,Vegetables and certain roots and tubers; edible,N/A,,
M,340,HND,380,ITA,08,"Fruit and nuts, edible; peel of citrus fruit or melons",N/A,,
M,340,HND,380,ITA,09,"Coffee, tea, mate and spices",N/A,,
M,340,HND,380,ITA,11,"Products of the milling industry; malt, starches, inulin, wheat gluten",N/A,,
M,340,HND,380,ITA,12,"Oil seeds and oleaginous fruits; miscellaneous grains, seeds and fruit, industrial or medicinal plants; straw and fodder",N/A,,
M,340,HND,380,ITA,13,"Lac; gums, resins and other vegetable saps and extracts",N/A,,
M,340,HND,380,ITA,15,Animal or vegetable fats and oils and their cleavage products; prepared animal fats; animal or vegetable waxes,N/A,,
M,340,HND,380,ITA,17,Sugars and sugar confectionery,N/A,,
M,340,HND,380,ITA,19,"Preparations of cereals, flour, starch or milk; pastrycooks' products",N/A,,
M,340,HND,380,ITA,20,"Preparations of vegetables, fruit, nuts or other parts of plants",N/A,,
M,340,HND,380,ITA,21,Miscellaneous edible preparations,N/A,,
M,340,HND,380,ITA,22,"Beverages, spirits and vinegar",N/A,,
M,340,HND,380,ITA,23,"Food industries, residues and wastes thereof; prepared animal fodder",N/A,,
M,340,HND,380,ITA,25,"Salt; sulphur; earths, stone; plastering materials, lime and cement",N/A,,
M,340,HND,380,ITA,27,"Mineral fuels, mineral oils and products of their distillation; bituminous substances; mineral waxes",N/A,,
M,340,HND,380,ITA,28,"Inorganic chemicals; organic and inorganic compounds of precious metals; of rare earth metals, of radio-active elements and of isotopes",N/A,,
M,340,HND,380,ITA,29,Organic chemicals,N/A,,
M,340,HND,376,ISR,83,Metal; miscellaneous products of base metal,N/A,,
M,340,HND,376,ISR,84,"Nuclear reactors, boilers, machinery and mechanical appliances; parts thereof",N/A,,
M,340,HND,376,ISR,85,"Electrical machinery and equipment and parts thereof; sound recorders and reproducers; television image and sound recorders and reproducers, parts and accessories of such articles",N/A,,
M,340,HND,380,ITA,33,"Essential oils and resinoids; perfumery, cosmetic or toilet preparations",N/A,,
M,340,HND,380,ITA,35,Albuminoidal substances; modified starches; glues; enzymes,N/A,,
M,340,HND,380,ITA,38,Chemical products n.e.c.,N/A,,
M,340,HND,380,ITA,39,Plastics and articles thereof,N/A,,
M,340,HND,380,ITA,40,Rubber and articles thereof,N/A,,
M,340,HND,380,ITA,62,Apparel and clothing accessories; not knitted or crocheted,N/A,,
M,340,HND,380,ITA,63,"Textiles, made up articles; sets; worn clothing and worn textile articles; rags",N/A,,
M,340,HND,380,ITA,30,Pharmaceutical products,N/A,,
M,340,HND,380,ITA,31,Fertilizers,N/A,,
M,340,HND,380,ITA,32,"Tanning or dyeing extracts; tannins and their derivatives; dyes, pigments and other colouring matter; paints, varnishes; putty, other mastics; inks",N/A,,
M,340,HND,380,ITA,69,Ceramic products,N/A,,
M,340,HND,380,ITA,70,Glass and glassware,N/A,,
M,340,HND,380,ITA,71,"Natural, cultured pearls; precious, semi-precious stones; precious metals, metals clad with precious metal, and articles thereof; imitation jewellery; coin",N/A,,
M,340,HND,380,ITA,72,Iron and steel,N/A,,
M,340,HND,380,ITA,73,Iron or steel articles,N/A,,
M,340,HND,380,ITA,42,"Articles of leather; saddlery and harness; travel goods, handbags and similar containers; articles of animal gut (other than silk-worm gut)",N/A,,
M,340,HND,380,ITA,44,Wood and articles of wood; wood charcoal,N/A,,
M,340,HND,380,ITA,48,"Paper and paperboard; articles of paper pulp, of paper or paperboard",N/A,,
M,340,HND,380,ITA,49,"Printed books, newspapers, pictures and other products of the printing industry; manuscripts, typescripts and plans",N/A,,
M,340,HND,380,ITA,53,Vegetable textile fibres; paper yarn and woven fabrics of paper yarn,N/A,,
M,340,HND,380,ITA,56,"Wadding, felt and nonwovens, special yarns; twine, cordage, ropes and cables and articles thereof",N/A,,
M,340,HND,380,ITA,57,Carpets and other textile floor coverings,N/A,,
M,340,HND,380,ITA,59,"Textile fabrics; impregnated, coated, covered or laminated; textile articles of a kind suitable for industrial use",N/A,,
M,340,HND,380,ITA,60,Fabrics; knitted or crocheted,N/A,,
M,340,HND,380,ITA,61,Apparel and clothing accessories; knitted or crocheted,N/A,,
M,340,HND,380,ITA,74,Copper and articles thereof,N/A,,
M,340,HND,380,ITA,76,Aluminium and articles thereof,N/A,,
M,340,HND,380,ITA,79,Zinc and articles thereof,N/A,,
M,340,HND,380,ITA,82,"Tools, implements, cutlery, spoons and forks, of base metal; parts thereof, of base metal",N/A,,
M,340,HND,380,ITA,64,Footwear; gaiters and the like; parts of such articles,N/A,,
M,340,HND,380,ITA,65,Headgear and parts thereof,N/A,,
M,340,HND,380,ITA,66,"Umbrellas, sun umbrellas, walking-sticks, seat sticks, whips, riding crops; and parts thereof",N/A,,
M,340,HND,380,ITA,68,"Stone, plaster, cement, asbestos, mica or similar materials; articles thereof",N/A,,
M,340,HND,380,ITA,84,"Nuclear reactors, boilers, machinery and mechanical appliances; parts thereof",N/A,,
M,340,HND,380,ITA,85,"Electrical machinery and equipment and parts thereof; sound recorders and reproducers; television image and sound recorders and reproducers, parts and accessories of such articles",N/A,,
M,340,HND,380,ITA,83,Metal; miscellaneous products of base metal,N/A,,
M,340,HND,380,ITA,86,"Railway, tramway locomotives, rolling-stock and parts thereof; railway or tramway track fixtures and fittings and parts thereof; mechanical (including electro-mechanical) traffic signalling equipment of all kinds",N/A,,
M,340,HND,380,ITA,87,"Vehicles; other than railway or tramway rolling stock, and parts and accessories thereof",N/A,,
M,340,HND,380,ITA,90,"Optical, photographic, cinematographic, measuring, checking, medical or surgical instruments and apparatus; parts and accessories",N/A,,
M,340,HND,380,ITA,91,Clocks and watches and parts thereof,N/A,,
M,340,HND,380,ITA,92,Musical instruments; parts and accessories of such articles,N/A,,
M,340,HND,380,ITA,93,Arms and ammunition; parts and accessories thereof,N/A,,
M,340,HND,380,ITA,94,"Furniture; bedding, mattresses, mattress supports, cushions and similar stuffed furnishings; lamps and lighting fittings, n.e.c.; illuminated signs, illuminated name-plates and the like; prefabricated buildings",N/A,,
M,340,HND,380,ITA,95,"Toys, games and sports requisites; parts and accessories thereof",N/A,,
M,340,HND,380,ITA,96,Miscellaneous manufactured articles,N/A,,
M,340,HND,380,ITA,97,Works of art; collectors' pieces and antiques,N/A,,
M,340,HND,388,JAM,24,Tobacco and manufactured tobacco substitutes,N/A,,
M,340,HND,388,JAM,28,"Inorganic chemicals; organic and inorganic compounds of precious metals; of rare earth metals, of radio-active elements and of isotopes",N/A,,
M,340,HND,388,JAM,33,"Essential oils and resinoids; perfumery, cosmetic or toilet preparations",N/A,,
M,340,HND,388,JAM,39,Plastics and articles thereof,N/A,,
M,340,HND,388,JAM,42,"Articles of leather; saddlery and harness; travel goods, handbags and similar containers; articles of animal gut (other than silk-worm gut)",N/A,,
M,340,HND,388,JAM,49,"Printed books, newspapers, pictures and other products of the printing industry; manuscripts, typescripts and plans",N/A,,
M,340,HND,388,JAM,61,Apparel and clothing accessories; knitted or crocheted,N/A,,
M,340,HND,388,JAM,62,Apparel and clothing accessories; not knitted or crocheted,N/A,,
M,340,HND,388,JAM,63,"Textiles, made up articles; sets; worn clothing and worn textile articles; rags",N/A,,
M,340,HND,388,JAM,64,Footwear; gaiters and the like; parts of such articles,N/A,,
M,340,HND,388,JAM,65,Headgear and parts thereof,N/A,,
M,340,HND,388,JAM,66,"Umbrellas, sun umbrellas, walking-sticks, seat sticks, whips, riding crops; and parts thereof",N/A,,
M,340,HND,388,JAM,71,"Natural, cultured pearls; precious, semi-precious stones; precious metals, metals clad with precious metal, and articles thereof; imitation jewellery; coin",N/A,,
M,340,HND,388,JAM,73,Iron or steel articles,N/A,,
M,340,HND,388,JAM,83,Metal; miscellaneous products of base metal,N/A,,
M,340,HND,388,JAM,84,"Nuclear reactors, boilers, machinery and mechanical appliances; parts thereof",N/A,,
M,340,HND,388,JAM,85,"Electrical machinery and equipment and parts thereof; sound recorders and reproducers; television image and sound recorders and reproducers, parts and accessories of such articles",N/A,,
M,340,HND,388,JAM,86,"Railway, tramway locomotives, rolling-stock and parts thereof; railway or tramway track fixtures and fittings and parts thereof; mechanical (including electro-mechanical) traffic signalling equipment of all kinds",N/A,,
M,340,HND,388,JAM,96,Miscellaneous manufactured articles,N/A,,
M,340,HND,392,JPN,09,"Coffee, tea, mate and spices",N/A,,
M,340,HND,392,JPN,10,Cereals,N/A,,
M,340,HND,392,JPN,12,"Oil seeds and oleaginous fruits; miscellaneous grains, seeds and fruit, industrial or medicinal plants; straw and fodder",N/A,,
M,340,HND,392,JPN,19,"Preparations of cereals, flour, starch or milk; pastrycooks' products",N/A,,
M,340,HND,392,JPN,21,Miscellaneous edible preparations,N/A,,
M,340,HND,392,JPN,28,"Inorganic chemicals; organic and inorganic compounds of precious metals; of rare earth metals, of radio-active elements and of isotopes",N/A,,
M,340,HND,392,JPN,29,Organic chemicals,N/A,,
M,340,HND,392,JPN,30,Pharmaceutical products,N/A,,
M,340,HND,392,JPN,31,Fertilizers,N/A,,
M,340,HND,392,JPN,32,"Tanning or dyeing extracts; tannins and their derivatives; dyes, pigments and other colouring matter; paints, varnishes; putty, other mastics; inks",N/A,,
M,340,HND,392,JPN,33,"Essential oils and resinoids; perfumery, cosmetic or toilet preparations",N/A,,
M,340,HND,392,JPN,34,"Soap, organic surface-active agents; washing, lubricating, polishing or scouring preparations; artificial or prepared waxes, candles and similar articles, modelling pastes, dental waxes and dental preparations with a basis of plaster",N/A,,
M,340,HND,392,JPN,35,Albuminoidal substances; modified starches; glues; enzymes,N/A,,
M,340,HND,392,JPN,37,Photographic or cinematographic goods,N/A,,
M,340,HND,392,JPN,38,Chemical products n.e.c.,N/A,,
M,340,HND,392,JPN,39,Plastics and articles thereof,N/A,,
M,340,HND,392,JPN,40,Rubber and articles thereof,N/A,,
M,340,HND,392,JPN,42,"Articles of leather; saddlery and harness; travel goods, handbags and similar containers; articles of animal gut (other than silk-worm gut)",N/A,,
M,340,HND,392,JPN,44,Wood and articles of wood; wood charcoal,N/A,,
M,340,HND,392,JPN,48,"Paper and paperboard; articles of paper pulp, of paper or paperboard",N/A,,
M,340,HND,392,JPN,49,"Printed books, newspapers, pictures and other products of the printing industry; manuscripts, typescripts and plans",N/A,,
M,340,HND,392,JPN,55,Man-made staple fibres,N/A,,
M,340,HND,392,JPN,56,"Wadding, felt and nonwovens, special yarns; twine, cordage, ropes and cables and articles thereof",N/A,,
M,340,HND,392,JPN,57,Carpets and other textile floor coverings,N/A,,
M,340,HND,392,JPN,59,"Textile fabrics; impregnated, coated, covered or laminated; textile articles of a kind suitable for industrial use",N/A,,
M,340,HND,392,JPN,61,Apparel and clothing accessories; knitted or crocheted,N/A,,
M,340,HND,392,JPN,62,Apparel and clothing accessories; not knitted or crocheted,N/A,,
M,340,HND,392,JPN,22,"Beverages, spirits and vinegar",N/A,,
M,340,HND,392,JPN,27,"Mineral fuels, mineral oils and products of their distillation; bituminous substances; mineral waxes",N/A,,
M,340,HND,392,JPN,72,Iron and steel,N/A,,
M,340,HND,392,JPN,73,Iron or steel articles,N/A,,
M,340,HND,392,JPN,85,"Electrical machinery and equipment and parts thereof; sound recorders and reproducers; television image and sound recorders and reproducers, parts and accessories of such articles",N/A,,
M,340,HND,392,JPN,74,Copper and articles thereof,N/A,,
M,340,HND,392,JPN,76,Aluminium and articles thereof,N/A,,
M,340,HND,392,JPN,78,Lead and articles thereof,N/A,,
M,340,HND,392,JPN,82,"Tools, implements, cutlery, spoons and forks, of base metal; parts thereof, of base metal",N/A,,
M,340,HND,392,JPN,83,Metal; miscellaneous products of base metal,N/A,,
M,340,HND,392,JPN,84,"Nuclear reactors, boilers, machinery and mechanical appliances; parts thereof",N/A,,
M,340,HND,392,JPN,63,"Textiles, made up articles; sets; worn clothing and worn textile articles; rags",N/A,,
M,340,HND,392,JPN,64,Footwear; gaiters and the like; parts of such articles,N/A,,
M,340,HND,392,JPN,65,Headgear and parts thereof,N/A,,
M,340,HND,392,JPN,66,"Umbrellas, sun umbrellas, walking-sticks, seat sticks, whips, riding crops; and parts thereof",N/A,,
M,340,HND,392,JPN,67,"Feathers and down, prepared; and articles made of feather or of down; artificial flowers; articles of human hair",N/A,,
M,340,HND,392,JPN,68,"Stone, plaster, cement, asbestos, mica or similar materials; articles thereof",N/A,,
M,340,HND,392,JPN,69,Ceramic products,N/A,,
M,340,HND,392,JPN,70,Glass and glassware,N/A,,
M,340,HND,392,JPN,87,"Vehicles; other than railway or tramway rolling stock, and parts and accessories thereof",N/A,,
M,340,HND,392,JPN,91,Clocks and watches and parts thereof,N/A,,
M,340,HND,392,JPN,92,Musical instruments; parts and accessories of such articles,N/A,,
M,340,HND,392,JPN,94,"Furniture; bedding, mattresses, mattress supports, cushions and similar stuffed furnishings; lamps and lighting fittings, n.e.c.; illuminated signs, illuminated name-plates and the like; prefabricated buildings",N/A,,
M,340,HND,392,JPN,95,"Toys, games and sports requisites; parts and accessories thereof",N/A,,
M,340,HND,392,JPN,96,Miscellaneous manufactured articles,N/A,,
M,340,HND,392,JPN,97,Works of art; collectors' pieces and antiques,N/A,,
M,340,HND,400,JOR,31,Fertilizers,N/A,,
M,340,HND,400,JOR,85,"Electrical machinery and equipment and parts thereof; sound recorders and reproducers; television image and sound recorders and reproducers, parts and accessories of such articles",N/A,,
M,340,HND,404,KEN,24,Tobacco and manufactured tobacco substitutes,N/A,,
M,340,HND,408,PRK,28,"Inorganic chemicals; organic and inorganic compounds of precious metals; of rare earth metals, of radio-active elements and of isotopes",N/A,,
M,340,HND,408,PRK,29,Organic chemicals,N/A,,
M,340,HND,408,PRK,30,Pharmaceutical products,N/A,,
M,340,HND,408,PRK,39,Plastics and articles thereof,N/A,,
M,340,HND,408,PRK,40,Rubber and articles thereof,N/A,,
M,340,HND,408,PRK,48,"Paper and paperboard; articles of paper pulp, of paper or paperboard",N/A,,
M,340,HND,408,PRK,49,"Printed books, newspapers, pictures and other products of the printing industry; manuscripts, typescripts and plans",N/A,,
M,340,HND,408,PRK,57,Carpets and other textile floor coverings,N/A,,
M,340,HND,408,PRK,61,Apparel and clothing accessories; knitted or crocheted,N/A,,
M,340,HND,408,PRK,62,Apparel and clothing accessories; not knitted or crocheted,N/A,,
M,340,HND,408,PRK,68,"Stone, plaster, cement, asbestos, mica or similar materials; articles thereof",N/A,,
M,340,HND,408,PRK,70,Glass and glassware,N/A,,
M,340,HND,408,PRK,72,Iron and steel,N/A,,
M,340,HND,392,JPN,89,"Ships, boats and floating structures",N/A,,
M,340,HND,392,JPN,90,"Optical, photographic, cinematographic, measuring, checking, medical or surgical instruments and apparatus; parts and accessories",N/A,,
M,340,HND,408,PRK,85,"Electrical machinery and equipment and parts thereof; sound recorders and reproducers; television image and sound recorders and reproducers, parts and accessories of such articles",N/A,,
M,340,HND,408,PRK,87,"Vehicles; other than railway or tramway rolling stock, and parts and accessories thereof",N/A,,
M,340,HND,408,PRK,90,"Optical, photographic, cinematographic, measuring, checking, medical or surgical instruments and apparatus; parts and accessories",N/A,,
M,340,HND,408,PRK,94,"Furniture; bedding, mattresses, mattress supports, cushions and similar stuffed furnishings; lamps and lighting fittings, n.e.c.; illuminated signs, illuminated name-plates and the like; prefabricated buildings",N/A,,
M,340,HND,408,PRK,96,Miscellaneous manufactured articles,N/A,,
M,340,HND,410,KOR,03,"Fish and crustaceans, molluscs and other aquatic invertebrates",N/A,,
M,340,HND,410,KOR,07,Vegetables and certain roots and tubers; edible,N/A,,
M,340,HND,410,KOR,09,"Coffee, tea, mate and spices",N/A,,
M,340,HND,410,KOR,11,"Products of the milling industry; malt, starches, inulin, wheat gluten",N/A,,
M,340,HND,410,KOR,18,Cocoa and cocoa preparations,N/A,,
M,340,HND,410,KOR,19,"Preparations of cereals, flour, starch or milk; pastrycooks' products",N/A,,
M,340,HND,410,KOR,20,"Preparations of vegetables, fruit, nuts or other parts of plants",N/A,,
M,340,HND,410,KOR,21,Miscellaneous edible preparations,N/A,,
M,340,HND,410,KOR,22,"Beverages, spirits and vinegar",N/A,,
M,340,HND,410,KOR,25,"Salt; sulphur; earths, stone; plastering materials, lime and cement",N/A,,
M,340,HND,410,KOR,27,"Mineral fuels, mineral oils and products of their distillation; bituminous substances; mineral waxes",N/A,,
M,340,HND,410,KOR,28,"Inorganic chemicals; organic and inorganic compounds of precious metals; of rare earth metals, of radio-active elements and of isotopes",N/A,,
M,340,HND,410,KOR,29,Organic chemicals,N/A,,
M,340,HND,410,KOR,30,Pharmaceutical products,N/A,,
M,340,HND,410,KOR,31,Fertilizers,N/A,,
M,340,HND,410,KOR,32,"Tanning or dyeing extracts; tannins and their derivatives; dyes, pigments and other colouring matter; paints, varnishes; putty, other mastics; inks",N/A,,
M,340,HND,410,KOR,33,"Essential oils and resinoids; perfumery, cosmetic or toilet preparations",N/A,,
M,340,HND,410,KOR,34,"Soap, organic surface-active agents; washing, lubricating, polishing or scouring preparations; artificial or prepared waxes, candles and similar articles, modelling pastes, dental waxes and dental preparations with a basis of plaster",N/A,,
M,340,HND,410,KOR,35,Albuminoidal substances; modified starches; glues; enzymes,N/A,,
M,340,HND,410,KOR,36,Explosives; pyrotechnic products; matches; pyrophoric alloys; certain combustible preparations,N/A,,
M,340,HND,410,KOR,37,Photographic or cinematographic goods,N/A,,
M,340,HND,410,KOR,38,Chemical products n.e.c.,N/A,,
M,340,HND,408,PRK,73,Iron or steel articles,N/A,,
M,340,HND,408,PRK,83,Metal; miscellaneous products of base metal,N/A,,
M,340,HND,408,PRK,84,"Nuclear reactors, boilers, machinery and mechanical appliances; parts thereof",N/A,,
M,340,HND,410,KOR,40,Rubber and articles thereof,N/A,,
M,340,HND,410,KOR,43,Furskins and artificial fur; manufactures thereof,N/A,,
M,340,HND,410,KOR,44,Wood and articles of wood; wood charcoal,N/A,,
M,340,HND,410,KOR,48,"Paper and paperboard; articles of paper pulp, of paper or paperboard",N/A,,
M,340,HND,380,ITA,34,"Soap, organic surface-active agents; washing, lubricating, polishing or scouring preparations; artificial or prepared waxes, candles and similar articles, modelling pastes, dental waxes and dental preparations with a basis of plaster",N/A,,
M,340,HND,410,KOR,49,"Printed books, newspapers, pictures and other products of the printing industry; manuscripts, typescripts and plans",N/A,,
M,340,HND,410,KOR,54,Man-made filaments; strip and the like of man-made textile materials,N/A,,
M,340,HND,410,KOR,56,"Wadding, felt and nonwovens, special yarns; twine, cordage, ropes and cables and articles thereof",N/A,,
M,340,HND,410,KOR,57,Carpets and other textile floor coverings,N/A,,
M,340,HND,410,KOR,58,"Fabrics; special woven fabrics, tufted textile fabrics, lace, tapestries, trimmings, embroidery",N/A,,
M,340,HND,410,KOR,59,"Textile fabrics; impregnated, coated, covered or laminated; textile articles of a kind suitable for industrial use",N/A,,
M,340,HND,410,KOR,61,Apparel and clothing accessories; knitted or crocheted,N/A,,
M,340,HND,410,KOR,62,Apparel and clothing accessories; not knitted or crocheted,N/A,,
M,340,HND,410,KOR,63,"Textiles, made up articles; sets; worn clothing and worn textile articles; rags",N/A,,
M,340,HND,410,KOR,64,Footwear; gaiters and the like; parts of such articles,N/A,,
M,340,HND,410,KOR,65,Headgear and parts thereof,N/A,,
M,340,HND,410,KOR,68,"Stone, plaster, cement, asbestos, mica or similar materials; articles thereof",N/A,,
M,340,HND,410,KOR,69,Ceramic products,N/A,,
M,340,HND,410,KOR,70,Glass and glassware,N/A,,
M,340,HND,410,KOR,71,"Natural, cultured pearls; precious, semi-precious stones; precious metals, metals clad with precious metal, and articles thereof; imitation jewellery; coin",N/A,,
M,340,HND,410,KOR,72,Iron and steel,N/A,,
M,340,HND,410,KOR,73,Iron or steel articles,N/A,,
M,340,HND,410,KOR,74,Copper and articles thereof,N/A,,
M,340,HND,410,KOR,90,"Optical, photographic, cinematographic, measuring, checking, medical or surgical instruments and apparatus; parts and accessories",N/A,,
M,340,HND,410,KOR,76,Aluminium and articles thereof,N/A,,
M,340,HND,410,KOR,82,"Tools, implements, cutlery, spoons and forks, of base metal; parts thereof, of base metal",N/A,,
M,340,HND,410,KOR,83,Metal; miscellaneous products of base metal,N/A,,
M,340,HND,410,KOR,39,Plastics and articles thereof,N/A,,
M,340,HND,410,KOR,84,"Nuclear reactors, boilers, machinery and mechanical appliances; parts thereof",N/A,,
M,340,HND,376,ISR,39,Plastics and articles thereof,N/A,,
M,340,HND,376,ISR,42,"Articles of leather; saddlery and harness; travel goods, handbags and similar containers; articles of animal gut (other than silk-worm gut)",N/A,,
M,340,HND,376,ISR,48,"Paper and paperboard; articles of paper pulp, of paper or paperboard",N/A,,
M,340,HND,376,ISR,62,Apparel and clothing accessories; not knitted or crocheted,N/A,,
M,340,HND,376,ISR,65,Headgear and parts thereof,N/A,,
M,340,HND,376,ISR,73,Iron or steel articles,N/A,,
M,340,HND,458,MYS,04,"Dairy produce; birds' eggs; natural honey; edible products of animal origin, not elsewhere specified or included",N/A,,
M,340,HND,410,KOR,42,"Articles of leather; saddlery and harness; travel goods, handbags and similar containers; articles of animal gut (other than silk-worm gut)",N/A,,
M,340,HND,410,KOR,85,"Electrical machinery and equipment and parts thereof; sound recorders and reproducers; television image and sound recorders and reproducers, parts and accessories of such articles",N/A,,
M,340,HND,410,KOR,87,"Vehicles; other than railway or tramway rolling stock, and parts and accessories thereof",N/A,,
M,340,HND,410,KOR,89,"Ships, boats and floating structures",N/A,,
M,340,HND,410,KOR,91,Clocks and watches and parts thereof,N/A,,
M,340,HND,410,KOR,94,"Furniture; bedding, mattresses, mattress supports, cushions and similar stuffed furnishings; lamps and lighting fittings, n.e.c.; illuminated signs, illuminated name-plates and the like; prefabricated buildings",N/A,,
M,340,HND,410,KOR,95,"Toys, games and sports requisites; parts and accessories thereof",N/A,,
M,340,HND,410,KOR,96,Miscellaneous manufactured articles,N/A,,
M,340,HND,422,LBN,30,Pharmaceutical products,N/A,,
M,340,HND,422,LBN,33,"Essential oils and resinoids; perfumery, cosmetic or toilet preparations",N/A,,
M,340,HND,422,LBN,34,"Soap, organic surface-active agents; washing, lubricating, polishing or scouring preparations; artificial or prepared waxes, candles and similar articles, modelling pastes, dental waxes and dental preparations with a basis of plaster",N/A,,
M,340,HND,422,LBN,39,Plastics and articles thereof,N/A,,
M,340,HND,440,LTU,31,Fertilizers,N/A,,
M,340,HND,440,LTU,62,Apparel and clothing accessories; not knitted or crocheted,N/A,,
M,340,HND,440,LTU,63,"Textiles, made up articles; sets; worn clothing and worn textile articles; rags",N/A,,
M,340,HND,440,LTU,84,"Nuclear reactors, boilers, machinery and mechanical appliances; parts thereof",N/A,,
M,340,HND,440,LTU,85,"Electrical machinery and equipment and parts thereof; sound recorders and reproducers; television image and sound recorders and reproducers, parts and accessories of such articles",N/A,,
M,340,HND,440,LTU,90,"Optical, photographic, cinematographic, measuring, checking, medical or surgical instruments and apparatus; parts and accessories",N/A,,
M,340,HND,440,LTU,96,Miscellaneous manufactured articles,N/A,,
M,340,HND,442,LUX,48,"Paper and paperboard; articles of paper pulp, of paper or paperboard",N/A,,
M,340,HND,442,LUX,70,Glass and glassware,N/A,,
M,340,HND,450,MDG,62,Apparel and clothing accessories; not knitted or crocheted,N/A,,
M,340,HND,458,MYS,15,Animal or vegetable fats and oils and their cleavage products; prepared animal fats; animal or vegetable waxes,N/A,,
M,340,HND,458,MYS,18,Cocoa and cocoa preparations,N/A,,
M,340,HND,458,MYS,20,"Preparations of vegetables, fruit, nuts or other parts of plants",N/A,,
M,340,HND,458,MYS,21,Miscellaneous edible preparations,N/A,,
M,340,HND,458,MYS,35,Albuminoidal substances; modified starches; glues; enzymes,N/A,,
M,340,HND,458,MYS,37,Photographic or cinematographic goods,N/A,,
M,340,HND,458,MYS,38,Chemical products n.e.c.,N/A,,
M,340,HND,458,MYS,39,Plastics and articles thereof,N/A,,
M,340,HND,458,MYS,40,Rubber and articles thereof,N/A,,
M,340,HND,458,MYS,42,"Articles of leather; saddlery and harness; travel goods, handbags and similar containers; articles of animal gut (other than silk-worm gut)",N/A,,
M,340,HND,458,MYS,44,Wood and articles of wood; wood charcoal,N/A,,
M,340,HND,458,MYS,48,"Paper and paperboard; articles of paper pulp, of paper or paperboard",N/A,,
M,340,HND,458,MYS,49,"Printed books, newspapers, pictures and other products of the printing industry; manuscripts, typescripts and plans",N/A,,
M,340,HND,458,MYS,56,"Wadding, felt and nonwovens, special yarns; twine, cordage, ropes and cables and articles thereof",N/A,,
M,340,HND,458,MYS,58,"Fabrics; special woven fabrics, tufted textile fabrics, lace, tapestries, trimmings, embroidery",N/A,,
M,340,HND,458,MYS,61,Apparel and clothing accessories; knitted or crocheted,N/A,,
M,340,HND,458,MYS,62,Apparel and clothing accessories; not knitted or crocheted,N/A,,
M,340,HND,458,MYS,63,"Textiles, made up articles; sets; worn clothing and worn textile articles; rags",N/A,,
M,340,HND,458,MYS,64,Footwear; gaiters and the like; parts of such articles,N/A,,
M,340,HND,458,MYS,65,Headgear and parts thereof,N/A,,
M,340,HND,458,MYS,69,Ceramic products,N/A,,
M,340,HND,458,MYS,70,Glass and glassware,N/A,,
M,340,HND,458,MYS,73,Iron or steel articles,N/A,,
M,340,HND,458,MYS,82,"Tools, implements, cutlery, spoons and forks, of base metal; parts thereof, of base metal",N/A,,
M,340,HND,458,MYS,83,Metal; miscellaneous products of base metal,N/A,,
M,340,HND,458,MYS,84,"Nuclear reactors, boilers, machinery and mechanical appliances; parts thereof",N/A,,
M,340,HND,458,MYS,85,"Electrical machinery and equipment and parts thereof; sound recorders and reproducers; television image and sound recorders and reproducers, parts and accessories of such articles",N/A,,
M,340,HND,458,MYS,87,"Vehicles; other than railway or tramway rolling stock, and parts and accessories thereof",N/A,,
M,340,HND,458,MYS,90,"Optical, photographic, cinematographic, measuring, checking, medical or surgical instruments and apparatus; parts and accessories",N/A,,
M,340,HND,458,MYS,91,Clocks and watches and parts thereof,N/A,,
M,340,HND,458,MYS,92,Musical instruments; parts and accessories of such articles,N/A,,
M,340,HND,458,MYS,94,"Furniture; bedding, mattresses, mattress supports, cushions and similar stuffed furnishings; lamps and lighting fittings, n.e.c.; illuminated signs, illuminated name-plates and the like; prefabricated buildings",N/A,,
M,340,HND,422,LBN,49,"Printed books, newspapers, pictures and other products of the printing industry; manuscripts, typescripts and plans",N/A,,
M,340,HND,430,LBR,19,"Preparations of cereals, flour, starch or milk; pastrycooks' products",N/A,,
M,340,HND,434,LBY,19,"Preparations of cereals, flour, starch or milk; pastrycooks' products",N/A,,
M,340,HND,458,MYS,95,"Toys, games and sports requisites; parts and accessories thereof",N/A,,
M,340,HND,458,MYS,96,Miscellaneous manufactured articles,N/A,,
M,340,HND,466,MLI,85,"Electrical machinery and equipment and parts thereof; sound recorders and reproducers; television image and sound recorders and reproducers, parts and accessories of such articles",N/A,,
M,340,HND,484,MEX,01,Animals; live,N/A,,
M,340,HND,484,MEX,03,"Fish and crustaceans, molluscs and other aquatic invertebrates",N/A,,
M,340,HND,484,MEX,04,"Dairy produce; birds' eggs; natural honey; edible products of animal origin, not elsewhere specified or included",N/A,,
M,340,HND,484,MEX,05,Animal originated products; not elsewhere specified or included,N/A,,
M,340,HND,484,MEX,06,"Trees and other plants, live; bulbs, roots and the like; cut flowers and ornamental foliage",N/A,,
M,340,HND,484,MEX,07,Vegetables and certain roots and tubers; edible,N/A,,
M,340,HND,458,MYS,23,"Food industries, residues and wastes thereof; prepared animal fodder",N/A,,
M,340,HND,458,MYS,25,"Salt; sulphur; earths, stone; plastering materials, lime and cement",N/A,,
M,340,HND,458,MYS,28,"Inorganic chemicals; organic and inorganic compounds of precious metals; of rare earth metals, of radio-active elements and of isotopes",N/A,,
M,340,HND,458,MYS,29,Organic chemicals,N/A,,
M,340,HND,458,MYS,30,Pharmaceutical products,N/A,,
M,340,HND,458,MYS,32,"Tanning or dyeing extracts; tannins and their derivatives; dyes, pigments and other colouring matter; paints, varnishes; putty, other mastics; inks",N/A,,
M,340,HND,458,MYS,33,"Essential oils and resinoids; perfumery, cosmetic or toilet preparations",N/A,,
M,340,HND,458,MYS,34,"Soap, organic surface-active agents; washing, lubricating, polishing or scouring preparations; artificial or prepared waxes, candles and similar articles, modelling pastes, dental waxes and dental preparations with a basis of plaster",N/A,,
M,340,HND,484,MEX,09,"Coffee, tea, mate and spices",N/A,,
M,340,HND,484,MEX,10,Cereals,N/A,,
M,340,HND,484,MEX,11,"Products of the milling industry; malt, starches, inulin, wheat gluten",N/A,,
M,340,HND,484,MEX,12,"Oil seeds and oleaginous fruits; miscellaneous grains, seeds and fruit, industrial or medicinal plants; straw and fodder",N/A,,
M,340,HND,484,MEX,13,"Lac; gums, resins and other vegetable saps and extracts",N/A,,
M,340,HND,484,MEX,14,Vegetable plaiting materials; vegetable products not elsewhere specified or included,N/A,,
M,340,HND,484,MEX,15,Animal or vegetable fats and oils and their cleavage products; prepared animal fats; animal or vegetable waxes,N/A,,
M,340,HND,484,MEX,16,"Meat, fish or crustaceans, molluscs or other aquatic invertebrates; preparations thereof",N/A,,
M,340,HND,484,MEX,17,Sugars and sugar confectionery,N/A,,
M,340,HND,484,MEX,18,Cocoa and cocoa preparations,N/A,,
M,340,HND,484,MEX,19,"Preparations of cereals, flour, starch or milk; pastrycooks' products",N/A,,
M,340,HND,484,MEX,20,"Preparations of vegetables, fruit, nuts or other parts of plants",N/A,,
M,340,HND,484,MEX,21,Miscellaneous edible preparations,N/A,,
M,340,HND,484,MEX,22,"Beverages, spirits and vinegar",N/A,,
M,340,HND,484,MEX,23,"Food industries, residues and wastes thereof; prepared animal fodder",N/A,,
M,340,HND,484,MEX,24,Tobacco and manufactured tobacco substitutes,N/A,,
M,340,HND,484,MEX,25,"Salt; sulphur; earths, stone; plastering materials, lime and cement",N/A,,
M,340,HND,484,MEX,27,"Mineral fuels, mineral oils and products of their distillation; bituminous substances; mineral waxes",N/A,,
M,340,HND,484,MEX,28,"Inorganic chemicals; organic and inorganic compounds of precious metals; of rare earth metals, of radio-active elements and of isotopes",N/A,,
M,340,HND,484,MEX,29,Organic chemicals,N/A,,
M,340,HND,484,MEX,08,"Fruit and nuts, edible; peel of citrus fruit or melons",N/A,,
M,340,HND,484,MEX,31,Fertilizers,N/A,,
M,340,HND,484,MEX,32,"Tanning or dyeing extracts; tannins and their derivatives; dyes, pigments and other colouring matter; paints, varnishes; putty, other mastics; inks",N/A,,
M,340,HND,484,MEX,33,"Essential oils and resinoids; perfumery, cosmetic or toilet preparations",N/A,,
M,340,HND,484,MEX,34,"Soap, organic surface-active agents; washing, lubricating, polishing or scouring preparations; artificial or prepared waxes, candles and similar articles, modelling pastes, dental waxes and dental preparations with a basis of plaster",N/A,,
M,340,HND,484,MEX,35,Albuminoidal substances; modified starches; glues; enzymes,N/A,,
M,340,HND,484,MEX,36,Explosives; pyrotechnic products; matches; pyrophoric alloys; certain combustible preparations,N/A,,
M,340,HND,579,NOR,31,Fertilizers,N/A,,
M,340,HND,579,NOR,33,"Essential oils and resinoids; perfumery, cosmetic or toilet preparations",N/A,,
M,340,HND,579,NOR,38,Chemical products n.e.c.,N/A,,
M,340,HND,579,NOR,39,Plastics and articles thereof,N/A,,
M,340,HND,579,NOR,40,Rubber and articles thereof,N/A,,
M,340,HND,579,NOR,49,"Printed books, newspapers, pictures and other products of the printing industry; manuscripts, typescripts and plans",N/A,,
M,340,HND,579,NOR,69,Ceramic products,N/A,,
M,340,HND,579,NOR,83,Metal; miscellaneous products of base metal,N/A,,
M,340,HND,579,NOR,84,"Nuclear reactors, boilers, machinery and mechanical appliances; parts thereof",N/A,,
M,340,HND,579,NOR,85,"Electrical machinery and equipment and parts thereof; sound recorders and reproducers; television image and sound recorders and reproducers, parts and accessories of such articles",N/A,,
M,340,HND,586,PAK,28,"Inorganic chemicals; organic and inorganic compounds of precious metals; of rare earth metals, of radio-active elements and of isotopes",N/A,,
M,340,HND,586,PAK,30,Pharmaceutical products,N/A,,
M,340,HND,586,PAK,36,Explosives; pyrotechnic products; matches; pyrophoric alloys; certain combustible preparations,N/A,,
M,340,HND,586,PAK,39,Plastics and articles thereof,N/A,,
M,340,HND,586,PAK,42,"Articles of leather; saddlery and harness; travel goods, handbags and similar containers; articles of animal gut (other than silk-worm gut)",N/A,,
M,340,HND,586,PAK,54,Man-made filaments; strip and the like of man-made textile materials,N/A,,
M,340,HND,586,PAK,59,"Textile fabrics; impregnated, coated, covered or laminated; textile articles of a kind suitable for industrial use",N/A,,
M,340,HND,586,PAK,61,Apparel and clothing accessories; knitted or crocheted,N/A,,
M,340,HND,591,PAN,42,"Articles of leather; saddlery and harness; travel goods, handbags and similar containers; articles of animal gut (other than silk-worm gut)",N/A,,
M,340,HND,586,PAK,82,"Tools, implements, cutlery, spoons and forks, of base metal; parts thereof, of base metal",N/A,,
M,340,HND,586,PAK,85,"Electrical machinery and equipment and parts thereof; sound recorders and reproducers; television image and sound recorders and reproducers, parts and accessories of such articles",N/A,,
M,340,HND,586,PAK,90,"Optical, photographic, cinematographic, measuring, checking, medical or surgical instruments and apparatus; parts and accessories",N/A,,
M,340,HND,586,PAK,94,"Furniture; bedding, mattresses, mattress supports, cushions and similar stuffed furnishings; lamps and lighting fittings, n.e.c.; illuminated signs, illuminated name-plates and the like; prefabricated buildings",N/A,,
M,340,HND,586,PAK,95,"Toys, games and sports requisites; parts and accessories thereof",N/A,,
M,340,HND,586,PAK,96,Miscellaneous manufactured articles,N/A,,
M,340,HND,591,PAN,04,"Dairy produce; birds' eggs; natural honey; edible products of animal origin, not elsewhere specified or included",N/A,,
M,340,HND,591,PAN,05,Animal originated products; not elsewhere specified or included,N/A,,
M,340,HND,591,PAN,06,"Trees and other plants, live; bulbs, roots and the like; cut flowers and ornamental foliage",N/A,,
M,340,HND,591,PAN,15,Animal or vegetable fats and oils and their cleavage products; prepared animal fats; animal or vegetable waxes,N/A,,
M,340,HND,591,PAN,16,"Meat, fish or crustaceans, molluscs or other aquatic invertebrates; preparations thereof",N/A,,
M,340,HND,591,PAN,17,Sugars and sugar confectionery,N/A,,
M,340,HND,591,PAN,19,"Preparations of cereals, flour, starch or milk; pastrycooks' products",N/A,,
M,340,HND,591,PAN,20,"Preparations of vegetables, fruit, nuts or other parts of plants",N/A,,
M,340,HND,591,PAN,21,Miscellaneous edible preparations,N/A,,
M,340,HND,591,PAN,24,Tobacco and manufactured tobacco substitutes,N/A,,
M,340,HND,591,PAN,25,"Salt; sulphur; earths, stone; plastering materials, lime and cement",N/A,,
M,340,HND,591,PAN,27,"Mineral fuels, mineral oils and products of their distillation; bituminous substances; mineral waxes",N/A,,
M,340,HND,591,PAN,28,"Inorganic chemicals; organic and inorganic compounds of precious metals; of rare earth metals, of radio-active elements and of isotopes",N/A,,
M,340,HND,591,PAN,49,"Printed books, newspapers, pictures and other products of the printing industry; manuscripts, typescripts and plans",N/A,,
M,340,HND,591,PAN,31,Fertilizers,N/A,,
M,340,HND,591,PAN,32,"Tanning or dyeing extracts; tannins and their derivatives; dyes, pigments and other colouring matter; paints, varnishes; putty, other mastics; inks",N/A,,
M,340,HND,558,NIC,92,Musical instruments; parts and accessories of such articles,N/A,,
M,340,HND,558,NIC,94,"Furniture; bedding, mattresses, mattress supports, cushions and similar stuffed furnishings; lamps and lighting fittings, n.e.c.; illuminated signs, illuminated name-plates and the like; prefabricated buildings",N/A,,
M,340,HND,591,PAN,36,Explosives; pyrotechnic products; matches; pyrophoric alloys; certain combustible preparations,N/A,,
M,340,HND,591,PAN,37,Photographic or cinematographic goods,N/A,,
M,340,HND,591,PAN,38,Chemical products n.e.c.,N/A,,
M,340,HND,591,PAN,39,Plastics and articles thereof,N/A,,
M,340,HND,591,PAN,40,Rubber and articles thereof,N/A,,
M,340,HND,586,PAK,62,Apparel and clothing accessories; not knitted or crocheted,N/A,,
M,340,HND,586,PAK,63,"Textiles, made up articles; sets; worn clothing and worn textile articles; rags",N/A,,
M,340,HND,586,PAK,64,Footwear; gaiters and the like; parts of such articles,N/A,,
M,340,HND,586,PAK,73,Iron or steel articles,N/A,,
M,340,HND,591,PAN,43,Furskins and artificial fur; manufactures thereof,N/A,,
M,340,HND,591,PAN,44,Wood and articles of wood; wood charcoal,N/A,,
M,340,HND,591,PAN,45,Cork and articles of cork,N/A,,
M,340,HND,591,PAN,46,"Manufactures of straw, esparto or other plaiting materials; basketware and wickerwork",N/A,,
M,340,HND,591,PAN,48,"Paper and paperboard; articles of paper pulp, of paper or paperboard",N/A,,
M,340,HND,591,PAN,50,Silk,N/A,,
M,340,HND,591,PAN,51,"Wool, fine or coarse animal hair; horsehair yarn and woven fabric",N/A,,
M,340,HND,591,PAN,52,Cotton,N/A,,
M,340,HND,591,PAN,53,Vegetable textile fibres; paper yarn and woven fabrics of paper yarn,N/A,,
M,340,HND,591,PAN,54,Man-made filaments; strip and the like of man-made textile materials,N/A,,
M,340,HND,591,PAN,55,Man-made staple fibres,N/A,,
M,340,HND,591,PAN,56,"Wadding, felt and nonwovens, special yarns; twine, cordage, ropes and cables and articles thereof",N/A,,
M,340,HND,591,PAN,57,Carpets and other textile floor coverings,N/A,,
M,340,HND,591,PAN,58,"Fabrics; special woven fabrics, tufted textile fabrics, lace, tapestries, trimmings, embroidery",N/A,,
M,340,HND,591,PAN,59,"Textile fabrics; impregnated, coated, covered or laminated; textile articles of a kind suitable for industrial use",N/A,,
M,340,HND,591,PAN,60,Fabrics; knitted or crocheted,N/A,,
M,340,HND,591,PAN,61,Apparel and clothing accessories; knitted or crocheted,N/A,,
M,340,HND,591,PAN,62,Apparel and clothing accessories; not knitted or crocheted,N/A,,
M,340,HND,591,PAN,63,"Textiles, made up articles; sets; worn clothing and worn textile articles; rags",N/A,,
M,340,HND,591,PAN,64,Footwear; gaiters and the like; parts of such articles,N/A,,
M,340,HND,591,PAN,65,Headgear and parts thereof,N/A,,
M,340,HND,591,PAN,66,"Umbrellas, sun umbrellas, walking-sticks, seat sticks, whips, riding crops; and parts thereof",N/A,,
M,340,HND,591,PAN,67,"Feathers and down, prepared; and articles made of feather or of down; artificial flowers; articles of human hair",N/A,,
M,340,HND,591,PAN,68,"Stone, plaster, cement, asbestos, mica or similar materials; articles thereof",N/A,,
M,340,HND,591,PAN,69,Ceramic products,N/A,,
M,340,HND,591,PAN,70,Glass and glassware,N/A,,
M,340,HND,591,PAN,71,"Natural, cultured pearls; precious, semi-precious stones; precious metals, metals clad with precious metal, and articles thereof; imitation jewellery; coin",N/A,,
M,340,HND,591,PAN,72,Iron and steel,N/A,,
M,340,HND,591,PAN,73,Iron or steel articles,N/A,,
M,340,HND,591,PAN,74,Copper and articles thereof,N/A,,
M,340,HND,591,PAN,75,Nickel and articles thereof,N/A,,
M,340,HND,591,PAN,76,Aluminium and articles thereof,N/A,,
M,340,HND,591,PAN,78,Lead and articles thereof,N/A,,
M,340,HND,591,PAN,79,Zinc and articles thereof,N/A,,
M,340,HND,591,PAN,80,Tin; articles thereof,N/A,,
M,340,HND,591,PAN,82,"Tools, implements, cutlery, spoons and forks, of base metal; parts thereof, of base metal",N/A,,
M,340,HND,591,PAN,83,Metal; miscellaneous products of base metal,N/A,,
M,340,HND,591,PAN,89,"Ships, boats and floating structures",N/A,,
M,340,HND,591,PAN,85,"Electrical machinery and equipment and parts thereof; sound recorders and reproducers; television image and sound recorders and reproducers, parts and accessories of such articles",N/A,,
M,340,HND,591,PAN,84,"Nuclear reactors, boilers, machinery and mechanical appliances; parts thereof",N/A,,
M,340,HND,591,PAN,97,Works of art; collectors' pieces and antiques,N/A,,
M,340,HND,591,PAN,86,"Railway, tramway locomotives, rolling-stock and parts thereof; railway or tramway track fixtures and fittings and parts thereof; mechanical (including electro-mechanical) traffic signalling equipment of all kinds",N/A,,
M,340,HND,591,PAN,87,"Vehicles; other than railway or tramway rolling stock, and parts and accessories thereof",N/A,,
M,340,HND,591,PAN,90,"Optical, photographic, cinematographic, measuring, checking, medical or surgical instruments and apparatus; parts and accessories",N/A,,
M,340,HND,604,PER,12,"Oil seeds and oleaginous fruits; miscellaneous grains, seeds and fruit, industrial or medicinal plants; straw and fodder",N/A,,
M,340,HND,591,PAN,91,Clocks and watches and parts thereof,N/A,,
M,340,HND,591,PAN,92,Musical instruments; parts and accessories of such articles,N/A,,
M,340,HND,591,PAN,94,"Furniture; bedding, mattresses, mattress supports, cushions and similar stuffed furnishings; lamps and lighting fittings, n.e.c.; illuminated signs, illuminated name-plates and the like; prefabricated buildings",N/A,,
M,340,HND,591,PAN,95,"Toys, games and sports requisites; parts and accessories thereof",N/A,,
M,340,HND,591,PAN,96,Miscellaneous manufactured articles,N/A,,
M,340,HND,600,PRY,30,Pharmaceutical products,N/A,,
M,340,HND,604,PER,69,Ceramic products,N/A,,
M,340,HND,600,PRY,38,Chemical products n.e.c.,N/A,,
M,340,HND,600,PRY,39,Plastics and articles thereof,N/A,,
M,340,HND,600,PRY,42,"Articles of leather; saddlery and harness; travel goods, handbags and similar containers; articles of animal gut (other than silk-worm gut)",N/A,,
M,340,HND,600,PRY,48,"Paper and paperboard; articles of paper pulp, of paper or paperboard",N/A,,
M,340,HND,600,PRY,49,"Printed books, newspapers, pictures and other products of the printing industry; manuscripts, typescripts and plans",N/A,,
M,340,HND,600,PRY,61,Apparel and clothing accessories; knitted or crocheted,N/A,,
M,340,HND,600,PRY,62,Apparel and clothing accessories; not knitted or crocheted,N/A,,
M,340,HND,600,PRY,63,"Textiles, made up articles; sets; worn clothing and worn textile articles; rags",N/A,,
M,340,HND,600,PRY,64,Footwear; gaiters and the like; parts of such articles,N/A,,
M,340,HND,600,PRY,66,"Umbrellas, sun umbrellas, walking-sticks, seat sticks, whips, riding crops; and parts thereof",N/A,,
M,340,HND,600,PRY,69,Ceramic products,N/A,,
M,340,HND,600,PRY,70,Glass and glassware,N/A,,
M,340,HND,600,PRY,74,Copper and articles thereof,N/A,,
M,340,HND,600,PRY,82,"Tools, implements, cutlery, spoons and forks, of base metal; parts thereof, of base metal",N/A,,
M,340,HND,600,PRY,85,"Electrical machinery and equipment and parts thereof; sound recorders and reproducers; television image and sound recorders and reproducers, parts and accessories of such articles",N/A,,
M,340,HND,600,PRY,90,"Optical, photographic, cinematographic, measuring, checking, medical or surgical instruments and apparatus; parts and accessories",N/A,,
M,340,HND,600,PRY,92,Musical instruments; parts and accessories of such articles,N/A,,
M,340,HND,600,PRY,94,"Furniture; bedding, mattresses, mattress supports, cushions and similar stuffed furnishings; lamps and lighting fittings, n.e.c.; illuminated signs, illuminated name-plates and the like; prefabricated buildings",N/A,,
M,340,HND,600,PRY,95,"Toys, games and sports requisites; parts and accessories thereof",N/A,,
M,340,HND,600,PRY,97,Works of art; collectors' pieces and antiques,N/A,,
M,340,HND,604,PER,03,"Fish and crustaceans, molluscs and other aquatic invertebrates",N/A,,
M,340,HND,604,PER,06,"Trees and other plants, live; bulbs, roots and the like; cut flowers and ornamental foliage",N/A,,
M,340,HND,604,PER,07,Vegetables and certain roots and tubers; edible,N/A,,
M,340,HND,604,PER,08,"Fruit and nuts, edible; peel of citrus fruit or melons",N/A,,
M,340,HND,604,PER,09,"Coffee, tea, mate and spices",N/A,,
M,340,HND,604,PER,13,"Lac; gums, resins and other vegetable saps and extracts",N/A,,
M,340,HND,604,PER,16,"Meat, fish or crustaceans, molluscs or other aquatic invertebrates; preparations thereof",N/A,,
M,340,HND,604,PER,17,Sugars and sugar confectionery,N/A,,
M,340,HND,604,PER,18,Cocoa and cocoa preparations,N/A,,
M,340,HND,604,PER,19,"Preparations of cereals, flour, starch or milk; pastrycooks' products",N/A,,
M,340,HND,604,PER,20,"Preparations of vegetables, fruit, nuts or other parts of plants",N/A,,
M,340,HND,604,PER,21,Miscellaneous edible preparations,N/A,,
M,340,HND,604,PER,22,"Beverages, spirits and vinegar",N/A,,
M,340,HND,604,PER,23,"Food industries, residues and wastes thereof; prepared animal fodder",N/A,,
M,340,HND,604,PER,24,Tobacco and manufactured tobacco substitutes,N/A,,
M,340,HND,604,PER,25,"Salt; sulphur; earths, stone; plastering materials, lime and cement",N/A,,
M,340,HND,604,PER,27,"Mineral fuels, mineral oils and products of their distillation; bituminous substances; mineral waxes",N/A,,
M,340,HND,604,PER,31,Fertilizers,N/A,,
M,340,HND,604,PER,32,"Tanning or dyeing extracts; tannins and their derivatives; dyes, pigments and other colouring matter; paints, varnishes; putty, other mastics; inks",N/A,,
M,340,HND,604,PER,33,"Essential oils and resinoids; perfumery, cosmetic or toilet preparations",N/A,,
M,340,HND,604,PER,34,"Soap, organic surface-active agents; washing, lubricating, polishing or scouring preparations; artificial or prepared waxes, candles and similar articles, modelling pastes, dental waxes and dental preparations with a basis of plaster",N/A,,
M,340,HND,604,PER,36,Explosives; pyrotechnic products; matches; pyrophoric alloys; certain combustible preparations,N/A,,
M,340,HND,604,PER,38,Chemical products n.e.c.,N/A,,
M,340,HND,604,PER,39,Plastics and articles thereof,N/A,,
M,340,HND,604,PER,96,Miscellaneous manufactured articles,N/A,,
M,340,HND,604,PER,40,Rubber and articles thereof,N/A,,
M,340,HND,604,PER,42,"Articles of leather; saddlery and harness; travel goods, handbags and similar containers; articles of animal gut (other than silk-worm gut)",N/A,,
M,340,HND,604,PER,44,Wood and articles of wood; wood charcoal,N/A,,
M,340,HND,604,PER,45,Cork and articles of cork,N/A,,
M,340,HND,604,PER,46,"Manufactures of straw, esparto or other plaiting materials; basketware and wickerwork",N/A,,
M,340,HND,604,PER,48,"Paper and paperboard; articles of paper pulp, of paper or paperboard",N/A,,
M,340,HND,604,PER,49,"Printed books, newspapers, pictures and other products of the printing industry; manuscripts, typescripts and plans",N/A,,
M,340,HND,604,PER,52,Cotton,N/A,,
M,340,HND,608,PHL,73,Iron or steel articles,N/A,,
M,340,HND,608,PHL,84,"Nuclear reactors, boilers, machinery and mechanical appliances; parts thereof",N/A,,
M,340,HND,604,PER,56,"Wadding, felt and nonwovens, special yarns; twine, cordage, ropes and cables and articles thereof",N/A,,
M,340,HND,604,PER,61,Apparel and clothing accessories; knitted or crocheted,N/A,,
M,340,HND,604,PER,62,Apparel and clothing accessories; not knitted or crocheted,N/A,,
M,340,HND,604,PER,70,Glass and glassware,N/A,,
M,340,HND,604,PER,71,"Natural, cultured pearls; precious, semi-precious stones; precious metals, metals clad with precious metal, and articles thereof; imitation jewellery; coin",N/A,,
M,340,HND,616,POL,32,"Tanning or dyeing extracts; tannins and their derivatives; dyes, pigments and other colouring matter; paints, varnishes; putty, other mastics; inks",N/A,,
M,340,HND,604,PER,72,Iron and steel,N/A,,
M,340,HND,604,PER,73,Iron or steel articles,N/A,,
M,340,HND,604,PER,76,Aluminium and articles thereof,N/A,,
M,340,HND,604,PER,82,"Tools, implements, cutlery, spoons and forks, of base metal; parts thereof, of base metal",N/A,,
M,340,HND,604,PER,83,Metal; miscellaneous products of base metal,N/A,,
M,340,HND,604,PER,84,"Nuclear reactors, boilers, machinery and mechanical appliances; parts thereof",N/A,,
M,340,HND,616,POL,87,"Vehicles; other than railway or tramway rolling stock, and parts and accessories thereof",N/A,,
M,340,HND,604,PER,85,"Electrical machinery and equipment and parts thereof; sound recorders and reproducers; television image and sound recorders and reproducers, parts and accessories of such articles",N/A,,
M,340,HND,604,PER,87,"Vehicles; other than railway or tramway rolling stock, and parts and accessories thereof",N/A,,
M,340,HND,604,PER,90,"Optical, photographic, cinematographic, measuring, checking, medical or surgical instruments and apparatus; parts and accessories",N/A,,
M,340,HND,604,PER,28,"Inorganic chemicals; organic and inorganic compounds of precious metals; of rare earth metals, of radio-active elements and of isotopes",N/A,,
M,340,HND,604,PER,29,Organic chemicals,N/A,,
M,340,HND,604,PER,30,Pharmaceutical products,N/A,,
M,340,HND,604,PER,91,Clocks and watches and parts thereof,N/A,,
M,340,HND,604,PER,92,Musical instruments; parts and accessories of such articles,N/A,,
M,340,HND,604,PER,94,"Furniture; bedding, mattresses, mattress supports, cushions and similar stuffed furnishings; lamps and lighting fittings, n.e.c.; illuminated signs, illuminated name-plates and the like; prefabricated buildings",N/A,,
M,340,HND,604,PER,95,"Toys, games and sports requisites; parts and accessories thereof",N/A,,
M,340,HND,604,PER,97,Works of art; collectors' pieces and antiques,N/A,,
M,340,HND,608,PHL,08,"Fruit and nuts, edible; peel of citrus fruit or melons",N/A,,
M,340,HND,608,PHL,13,"Lac; gums, resins and other vegetable saps and extracts",N/A,,
M,340,HND,608,PHL,16,"Meat, fish or crustaceans, molluscs or other aquatic invertebrates; preparations thereof",N/A,,
M,340,HND,608,PHL,20,"Preparations of vegetables, fruit, nuts or other parts of plants",N/A,,
M,340,HND,608,PHL,32,"Tanning or dyeing extracts; tannins and their derivatives; dyes, pigments and other colouring matter; paints, varnishes; putty, other mastics; inks",N/A,,
M,340,HND,608,PHL,33,"Essential oils and resinoids; perfumery, cosmetic or toilet preparations",N/A,,
M,340,HND,608,PHL,35,Albuminoidal substances; modified starches; glues; enzymes,N/A,,
M,340,HND,620,PRT,95,"Toys, games and sports requisites; parts and accessories thereof",N/A,,
M,340,HND,620,PRT,96,Miscellaneous manufactured articles,N/A,,
M,340,HND,642,ROU,29,Organic chemicals,N/A,,
M,340,HND,642,ROU,38,Chemical products n.e.c.,N/A,,
M,340,HND,608,PHL,37,Photographic or cinematographic goods,N/A,,
M,340,HND,608,PHL,39,Plastics and articles thereof,N/A,,
M,340,HND,608,PHL,42,"Articles of leather; saddlery and harness; travel goods, handbags and similar containers; articles of animal gut (other than silk-worm gut)",N/A,,
M,340,HND,608,PHL,48,"Paper and paperboard; articles of paper pulp, of paper or paperboard",N/A,,
M,340,HND,608,PHL,49,"Printed books, newspapers, pictures and other products of the printing industry; manuscripts, typescripts and plans",N/A,,
M,340,HND,608,PHL,56,"Wadding, felt and nonwovens, special yarns; twine, cordage, ropes and cables and articles thereof",N/A,,
M,340,HND,608,PHL,61,Apparel and clothing accessories; knitted or crocheted,N/A,,
M,340,HND,484,MEX,37,Photographic or cinematographic goods,N/A,,
M,340,HND,484,MEX,38,Chemical products n.e.c.,N/A,,
M,340,HND,484,MEX,39,Plastics and articles thereof,N/A,,
M,340,HND,484,MEX,40,Rubber and articles thereof,N/A,,
M,340,HND,484,MEX,30,Pharmaceutical products,N/A,,
M,340,HND,484,MEX,42,"Articles of leather; saddlery and harness; travel goods, handbags and similar containers; articles of animal gut (other than silk-worm gut)",N/A,,
M,340,HND,484,MEX,43,Furskins and artificial fur; manufactures thereof,N/A,,
M,340,HND,484,MEX,44,Wood and articles of wood; wood charcoal,N/A,,
M,340,HND,484,MEX,45,Cork and articles of cork,N/A,,
M,340,HND,484,MEX,46,"Manufactures of straw, esparto or other plaiting materials; basketware and wickerwork",N/A,,
M,340,HND,484,MEX,48,"Paper and paperboard; articles of paper pulp, of paper or paperboard",N/A,,
M,340,HND,484,MEX,49,"Printed books, newspapers, pictures and other products of the printing industry; manuscripts, typescripts and plans",N/A,,
M,340,HND,484,MEX,51,"Wool, fine or coarse animal hair; horsehair yarn and woven fabric",N/A,,
M,340,HND,484,MEX,52,Cotton,N/A,,
M,340,HND,484,MEX,53,Vegetable textile fibres; paper yarn and woven fabrics of paper yarn,N/A,,
M,340,HND,484,MEX,54,Man-made filaments; strip and the like of man-made textile materials,N/A,,
M,340,HND,484,MEX,55,Man-made staple fibres,N/A,,
M,340,HND,484,MEX,56,"Wadding, felt and nonwovens, special yarns; twine, cordage, ropes and cables and articles thereof",N/A,,
M,340,HND,484,MEX,57,Carpets and other textile floor coverings,N/A,,
M,340,HND,484,MEX,58,"Fabrics; special woven fabrics, tufted textile fabrics, lace, tapestries, trimmings, embroidery",N/A,,
M,340,HND,484,MEX,59,"Textile fabrics; impregnated, coated, covered or laminated; textile articles of a kind suitable for industrial use",N/A,,
M,340,HND,484,MEX,60,Fabrics; knitted or crocheted,N/A,,
M,340,HND,484,MEX,61,Apparel and clothing accessories; knitted or crocheted,N/A,,
M,340,HND,484,MEX,62,Apparel and clothing accessories; not knitted or crocheted,N/A,,
M,340,HND,484,MEX,63,"Textiles, made up articles; sets; worn clothing and worn textile articles; rags",N/A,,
M,340,HND,484,MEX,64,Footwear; gaiters and the like; parts of such articles,N/A,,
M,340,HND,484,MEX,65,Headgear and parts thereof,N/A,,
M,340,HND,484,MEX,66,"Umbrellas, sun umbrellas, walking-sticks, seat sticks, whips, riding crops; and parts thereof",N/A,,
M,340,HND,484,MEX,67,"Feathers and down, prepared; and articles made of feather or of down; artificial flowers; articles of human hair",N/A,,
M,340,HND,484,MEX,68,"Stone, plaster, cement, asbestos, mica or similar materials; articles thereof",N/A,,
M,340,HND,484,MEX,69,Ceramic products,N/A,,
M,340,HND,484,MEX,70,Glass and glassware,N/A,,
M,340,HND,484,MEX,71,"Natural, cultured pearls; precious, semi-precious stones; precious metals, metals clad with precious metal, and articles thereof; imitation jewellery; coin",N/A,,
M,340,HND,484,MEX,72,Iron and steel,N/A,,
M,340,HND,484,MEX,73,Iron or steel articles,N/A,,
M,340,HND,484,MEX,76,Aluminium and articles thereof,N/A,,
M,340,HND,484,MEX,78,Lead and articles thereof,N/A,,
M,340,HND,484,MEX,79,Zinc and articles thereof,N/A,,
M,340,HND,484,MEX,80,Tin; articles thereof,N/A,,
M,340,HND,484,MEX,82,"Tools, implements, cutlery, spoons and forks, of base metal; parts thereof, of base metal",N/A,,
M,340,HND,484,MEX,83,Metal; miscellaneous products of base metal,N/A,,
M,340,HND,484,MEX,84,"Nuclear reactors, boilers, machinery and mechanical appliances; parts thereof",N/A,,
M,340,HND,484,MEX,74,Copper and articles thereof,N/A,,
M,340,HND,484,MEX,85,"Electrical machinery and equipment and parts thereof; sound recorders and reproducers; television image and sound recorders and reproducers, parts and accessories of such articles",N/A,,
M,340,HND,484,MEX,87,"Vehicles; other than railway or tramway rolling stock, and parts and accessories thereof",N/A,,
M,340,HND,484,MEX,89,"Ships, boats and floating structures",N/A,,
M,340,HND,484,MEX,90,"Optical, photographic, cinematographic, measuring, checking, medical or surgical instruments and apparatus; parts and accessories",N/A,,
M,340,HND,484,MEX,91,Clocks and watches and parts thereof,N/A,,
M,340,HND,484,MEX,92,Musical instruments; parts and accessories of such articles,N/A,,
M,340,HND,484,MEX,93,Arms and ammunition; parts and accessories thereof,N/A,,
M,340,HND,484,MEX,94,"Furniture; bedding, mattresses, mattress supports, cushions and similar stuffed furnishings; lamps and lighting fittings, n.e.c.; illuminated signs, illuminated name-plates and the like; prefabricated buildings",N/A,,
M,340,HND,484,MEX,95,"Toys, games and sports requisites; parts and accessories thereof",N/A,,
M,340,HND,484,MEX,96,Miscellaneous manufactured articles,N/A,,
M,340,HND,484,MEX,97,Works of art; collectors' pieces and antiques,N/A,,
M,340,HND,490,S19,03,"Fish and crustaceans, molluscs and other aquatic invertebrates",N/A,,
M,340,HND,490,S19,12,"Oil seeds and oleaginous fruits; miscellaneous grains, seeds and fruit, industrial or medicinal plants; straw and fodder",N/A,,
M,340,HND,490,S19,17,Sugars and sugar confectionery,N/A,,
M,340,HND,490,S19,19,"Preparations of cereals, flour, starch or milk; pastrycooks' products",N/A,,
M,340,HND,490,S19,20,"Preparations of vegetables, fruit, nuts or other parts of plants",N/A,,
M,340,HND,490,S19,58,"Fabrics; special woven fabrics, tufted textile fabrics, lace, tapestries, trimmings, embroidery",N/A,,
M,340,HND,490,S19,21,Miscellaneous edible preparations,N/A,,
M,340,HND,490,S19,22,"Beverages, spirits and vinegar",N/A,,
M,340,HND,490,S19,27,"Mineral fuels, mineral oils and products of their distillation; bituminous substances; mineral waxes",N/A,,
M,340,HND,484,MEX,86,"Railway, tramway locomotives, rolling-stock and parts thereof; railway or tramway track fixtures and fittings and parts thereof; mechanical (including electro-mechanical) traffic signalling equipment of all kinds",N/A,,
M,340,HND,490,S19,30,Pharmaceutical products,N/A,,
M,340,HND,490,S19,32,"Tanning or dyeing extracts; tannins and their derivatives; dyes, pigments and other colouring matter; paints, varnishes; putty, other mastics; inks",N/A,,
M,340,HND,490,S19,33,"Essential oils and resinoids; perfumery, cosmetic or toilet preparations",N/A,,
M,340,HND,490,S19,34,"Soap, organic surface-active agents; washing, lubricating, polishing or scouring preparations; artificial or prepared waxes, candles and similar articles, modelling pastes, dental waxes and dental preparations with a basis of plaster",N/A,,
M,340,HND,490,S19,35,Albuminoidal substances; modified starches; glues; enzymes,N/A,,
M,340,HND,490,S19,37,Photographic or cinematographic goods,N/A,,
M,340,HND,490,S19,38,Chemical products n.e.c.,N/A,,
M,340,HND,490,S19,39,Plastics and articles thereof,N/A,,
M,340,HND,490,S19,40,Rubber and articles thereof,N/A,,
M,340,HND,490,S19,65,Headgear and parts thereof,N/A,,
M,340,HND,490,S19,41,Raw hides and skins (other than furskins) and leather,N/A,,
M,340,HND,490,S19,42,"Articles of leather; saddlery and harness; travel goods, handbags and similar containers; articles of animal gut (other than silk-worm gut)",N/A,,
M,340,HND,490,S19,44,Wood and articles of wood; wood charcoal,N/A,,
M,340,HND,490,S19,48,"Paper and paperboard; articles of paper pulp, of paper or paperboard",N/A,,
M,340,HND,490,S19,49,"Printed books, newspapers, pictures and other products of the printing industry; manuscripts, typescripts and plans",N/A,,
M,340,HND,490,S19,52,Cotton,N/A,,
M,340,HND,490,S19,54,Man-made filaments; strip and the like of man-made textile materials,N/A,,
M,340,HND,490,S19,55,Man-made staple fibres,N/A,,
M,340,HND,490,S19,56,"Wadding, felt and nonwovens, special yarns; twine, cordage, ropes and cables and articles thereof",N/A,,
M,340,HND,490,S19,57,Carpets and other textile floor coverings,N/A,,
M,340,HND,490,S19,59,"Textile fabrics; impregnated, coated, covered or laminated; textile articles of a kind suitable for industrial use",N/A,,
M,340,HND,490,S19,74,Copper and articles thereof,N/A,,
M,340,HND,490,S19,61,Apparel and clothing accessories; knitted or crocheted,N/A,,
M,340,HND,490,S19,29,Organic chemicals,N/A,,
M,340,HND,490,S19,62,Apparel and clothing accessories; not knitted or crocheted,N/A,,
M,340,HND,490,S19,63,"Textiles, made up articles; sets; worn clothing and worn textile articles; rags",N/A,,
M,340,HND,490,S19,64,Footwear; gaiters and the like; parts of such articles,N/A,,
M,340,HND,490,S19,66,"Umbrellas, sun umbrellas, walking-sticks, seat sticks, whips, riding crops; and parts thereof",N/A,,
M,340,HND,490,S19,67,"Feathers and down, prepared; and articles made of feather or of down; artificial flowers; articles of human hair",N/A,,
M,340,HND,490,S19,68,"Stone, plaster, cement, asbestos, mica or similar materials; articles thereof",N/A,,
M,340,HND,490,S19,71,"Natural, cultured pearls; precious, semi-precious stones; precious metals, metals clad with precious metal, and articles thereof; imitation jewellery; coin",N/A,,
M,340,HND,490,S19,72,Iron and steel,N/A,,
M,340,HND,490,S19,73,Iron or steel articles,N/A,,
M,340,HND,490,S19,28,"Inorganic chemicals; organic and inorganic compounds of precious metals; of rare earth metals, of radio-active elements and of isotopes",N/A,,
M,340,HND,490,S19,80,Tin; articles thereof,N/A,,
M,340,HND,490,S19,82,"Tools, implements, cutlery, spoons and forks, of base metal; parts thereof, of base metal",N/A,,
M,340,HND,490,S19,83,Metal; miscellaneous products of base metal,N/A,,
M,340,HND,490,S19,84,"Nuclear reactors, boilers, machinery and mechanical appliances; parts thereof",N/A,,
M,340,HND,490,S19,69,Ceramic products,N/A,,
M,340,HND,490,S19,70,Glass and glassware,N/A,,
M,340,HND,490,S19,85,"Electrical machinery and equipment and parts thereof; sound recorders and reproducers; television image and sound recorders and reproducers, parts and accessories of such articles",N/A,,
M,340,HND,490,S19,76,Aluminium and articles thereof,N/A,,
M,340,HND,490,S19,78,Lead and articles thereof,N/A,,
M,340,HND,490,S19,79,Zinc and articles thereof,N/A,,
M,340,HND,490,S19,87,"Vehicles; other than railway or tramway rolling stock, and parts and accessories thereof",N/A,,
M,340,HND,490,S19,90,"Optical, photographic, cinematographic, measuring, checking, medical or surgical instruments and apparatus; parts and accessories",N/A,,
M,340,HND,490,S19,91,Clocks and watches and parts thereof,N/A,,
M,340,HND,490,S19,92,Musical instruments; parts and accessories of such articles,N/A,,
M,340,HND,490,S19,97,Works of art; collectors' pieces and antiques,N/A,,
M,340,HND,504,MAR,16,"Meat, fish or crustaceans, molluscs or other aquatic invertebrates; preparations thereof",N/A,,
M,340,HND,504,MAR,31,Fertilizers,N/A,,
M,340,HND,504,MAR,39,Plastics and articles thereof,N/A,,
M,340,HND,504,MAR,42,"Articles of leather; saddlery and harness; travel goods, handbags and similar containers; articles of animal gut (other than silk-worm gut)",N/A,,
M,340,HND,504,MAR,49,"Printed books, newspapers, pictures and other products of the printing industry; manuscripts, typescripts and plans",N/A,,
M,340,HND,504,MAR,61,Apparel and clothing accessories; knitted or crocheted,N/A,,
M,340,HND,504,MAR,62,Apparel and clothing accessories; not knitted or crocheted,N/A,,
M,340,HND,528,NLD,59,"Textile fabrics; impregnated, coated, covered or laminated; textile articles of a kind suitable for industrial use",N/A,,
M,340,HND,504,MAR,63,"Textiles, made up articles; sets; worn clothing and worn textile articles; rags",N/A,,
M,340,HND,504,MAR,64,Footwear; gaiters and the like; parts of such articles,N/A,,
M,340,HND,504,MAR,65,Headgear and parts thereof,N/A,,
M,340,HND,504,MAR,84,"Nuclear reactors, boilers, machinery and mechanical appliances; parts thereof",N/A,,
M,340,HND,528,NLD,72,Iron and steel,N/A,,
M,340,HND,528,NLD,04,"Dairy produce; birds' eggs; natural honey; edible products of animal origin, not elsewhere specified or included",N/A,,
M,340,HND,528,NLD,07,Vegetables and certain roots and tubers; edible,N/A,,
M,340,HND,528,NLD,09,"Coffee, tea, mate and spices",N/A,,
M,340,HND,528,NLD,11,"Products of the milling industry; malt, starches, inulin, wheat gluten",N/A,,
M,340,HND,528,NLD,12,"Oil seeds and oleaginous fruits; miscellaneous grains, seeds and fruit, industrial or medicinal plants; straw and fodder",N/A,,
M,340,HND,528,NLD,84,"Nuclear reactors, boilers, machinery and mechanical appliances; parts thereof",N/A,,
M,340,HND,528,NLD,13,"Lac; gums, resins and other vegetable saps and extracts",N/A,,
M,340,HND,528,NLD,15,Animal or vegetable fats and oils and their cleavage products; prepared animal fats; animal or vegetable waxes,N/A,,
M,340,HND,528,NLD,17,Sugars and sugar confectionery,N/A,,
M,340,HND,528,NLD,18,Cocoa and cocoa preparations,N/A,,
M,340,HND,528,NLD,19,"Preparations of cereals, flour, starch or milk; pastrycooks' products",N/A,,
M,340,HND,528,NLD,20,"Preparations of vegetables, fruit, nuts or other parts of plants",N/A,,
M,340,HND,528,NLD,21,Miscellaneous edible preparations,N/A,,
M,340,HND,528,NLD,22,"Beverages, spirits and vinegar",N/A,,
M,340,HND,528,NLD,23,"Food industries, residues and wastes thereof; prepared animal fodder",N/A,,
M,340,HND,528,NLD,27,"Mineral fuels, mineral oils and products of their distillation; bituminous substances; mineral waxes",N/A,,
M,340,HND,528,NLD,28,"Inorganic chemicals; organic and inorganic compounds of precious metals; of rare earth metals, of radio-active elements and of isotopes",N/A,,
M,340,HND,528,NLD,29,Organic chemicals,N/A,,
M,340,HND,528,NLD,30,Pharmaceutical products,N/A,,
M,340,HND,528,NLD,31,Fertilizers,N/A,,
M,340,HND,490,S19,93,Arms and ammunition; parts and accessories thereof,N/A,,
M,340,HND,490,S19,94,"Furniture; bedding, mattresses, mattress supports, cushions and similar stuffed furnishings; lamps and lighting fittings, n.e.c.; illuminated signs, illuminated name-plates and the like; prefabricated buildings",N/A,,
M,340,HND,528,NLD,34,"Soap, organic surface-active agents; washing, lubricating, polishing or scouring preparations; artificial or prepared waxes, candles and similar articles, modelling pastes, dental waxes and dental preparations with a basis of plaster",N/A,,
M,340,HND,490,S19,95,"Toys, games and sports requisites; parts and accessories thereof",N/A,,
M,340,HND,490,S19,96,Miscellaneous manufactured articles,N/A,,
M,340,HND,528,NLD,39,Plastics and articles thereof,N/A,,
M,340,HND,528,NLD,40,Rubber and articles thereof,N/A,,
M,340,HND,528,NLD,42,"Articles of leather; saddlery and harness; travel goods, handbags and similar containers; articles of animal gut (other than silk-worm gut)",N/A,,
M,340,HND,528,NLD,44,Wood and articles of wood; wood charcoal,N/A,,
M,340,HND,528,NLD,48,"Paper and paperboard; articles of paper pulp, of paper or paperboard",N/A,,
M,340,HND,528,NLD,49,"Printed books, newspapers, pictures and other products of the printing industry; manuscripts, typescripts and plans",N/A,,
M,340,HND,528,NLD,54,Man-made filaments; strip and the like of man-made textile materials,N/A,,
M,340,HND,528,NLD,56,"Wadding, felt and nonwovens, special yarns; twine, cordage, ropes and cables and articles thereof",N/A,,
M,340,HND,528,NLD,57,Carpets and other textile floor coverings,N/A,,
M,340,HND,528,NLD,58,"Fabrics; special woven fabrics, tufted textile fabrics, lace, tapestries, trimmings, embroidery",N/A,,
M,340,HND,528,NLD,61,Apparel and clothing accessories; knitted or crocheted,N/A,,
M,340,HND,528,NLD,62,Apparel and clothing accessories; not knitted or crocheted,N/A,,
M,340,HND,528,NLD,63,"Textiles, made up articles; sets; worn clothing and worn textile articles; rags",N/A,,
M,340,HND,528,NLD,64,Footwear; gaiters and the like; parts of such articles,N/A,,
M,340,HND,528,NLD,65,Headgear and parts thereof,N/A,,
M,340,HND,528,NLD,66,"Umbrellas, sun umbrellas, walking-sticks, seat sticks, whips, riding crops; and parts thereof",N/A,,
M,340,HND,528,NLD,69,Ceramic products,N/A,,
M,340,HND,528,NLD,70,Glass and glassware,N/A,,
M,340,HND,528,NLD,73,Iron or steel articles,N/A,,
M,340,HND,528,NLD,74,Copper and articles thereof,N/A,,
M,340,HND,528,NLD,76,Aluminium and articles thereof,N/A,,
M,340,HND,528,NLD,82,"Tools, implements, cutlery, spoons and forks, of base metal; parts thereof, of base metal",N/A,,
M,340,HND,528,NLD,83,Metal; miscellaneous products of base metal,N/A,,
M,340,HND,558,NIC,05,Animal originated products; not elsewhere specified or included,N/A,,
M,340,HND,558,NIC,06,"Trees and other plants, live; bulbs, roots and the like; cut flowers and ornamental foliage",N/A,,
M,340,HND,528,NLD,85,"Electrical machinery and equipment and parts thereof; sound recorders and reproducers; television image and sound recorders and reproducers, parts and accessories of such articles",N/A,,
M,340,HND,558,NIC,10,Cereals,N/A,,
M,340,HND,558,NIC,15,Animal or vegetable fats and oils and their cleavage products; prepared animal fats; animal or vegetable waxes,N/A,,
M,340,HND,558,NIC,16,"Meat, fish or crustaceans, molluscs or other aquatic invertebrates; preparations thereof",N/A,,
M,340,HND,558,NIC,17,Sugars and sugar confectionery,N/A,,
M,340,HND,558,NIC,18,Cocoa and cocoa preparations,N/A,,
M,340,HND,558,NIC,19,"Preparations of cereals, flour, starch or milk; pastrycooks' products",N/A,,
M,340,HND,528,NLD,32,"Tanning or dyeing extracts; tannins and their derivatives; dyes, pigments and other colouring matter; paints, varnishes; putty, other mastics; inks",N/A,,
M,340,HND,528,NLD,33,"Essential oils and resinoids; perfumery, cosmetic or toilet preparations",N/A,,
M,340,HND,528,NLD,87,"Vehicles; other than railway or tramway rolling stock, and parts and accessories thereof",N/A,,
M,340,HND,558,NIC,24,Tobacco and manufactured tobacco substitutes,N/A,,
M,340,HND,528,NLD,90,"Optical, photographic, cinematographic, measuring, checking, medical or surgical instruments and apparatus; parts and accessories",N/A,,
M,340,HND,528,NLD,35,Albuminoidal substances; modified starches; glues; enzymes,N/A,,
M,340,HND,528,NLD,38,Chemical products n.e.c.,N/A,,
M,340,HND,558,NIC,29,Organic chemicals,N/A,,
M,340,HND,528,NLD,92,Musical instruments; parts and accessories of such articles,N/A,,
M,340,HND,528,NLD,94,"Furniture; bedding, mattresses, mattress supports, cushions and similar stuffed furnishings; lamps and lighting fittings, n.e.c.; illuminated signs, illuminated name-plates and the like; prefabricated buildings",N/A,,
M,340,HND,558,NIC,32,"Tanning or dyeing extracts; tannins and their derivatives; dyes, pigments and other colouring matter; paints, varnishes; putty, other mastics; inks",N/A,,
M,340,HND,558,NIC,33,"Essential oils and resinoids; perfumery, cosmetic or toilet preparations",N/A,,
M,340,HND,558,NIC,34,"Soap, organic surface-active agents; washing, lubricating, polishing or scouring preparations; artificial or prepared waxes, candles and similar articles, modelling pastes, dental waxes and dental preparations with a basis of plaster",N/A,,
M,340,HND,528,NLD,95,"Toys, games and sports requisites; parts and accessories thereof",N/A,,
M,340,HND,528,NLD,96,Miscellaneous manufactured articles,N/A,,
M,340,HND,530,ANT,27,"Mineral fuels, mineral oils and products of their distillation; bituminous substances; mineral waxes",N/A,,
M,340,HND,530,ANT,38,Chemical products n.e.c.,N/A,,
M,340,HND,530,ANT,39,Plastics and articles thereof,N/A,,
M,340,HND,530,ANT,63,"Textiles, made up articles; sets; worn clothing and worn textile articles; rags",N/A,,
M,340,HND,530,ANT,70,Glass and glassware,N/A,,
M,340,HND,530,ANT,73,Iron or steel articles,N/A,,
M,340,HND,530,ANT,84,"Nuclear reactors, boilers, machinery and mechanical appliances; parts thereof",N/A,,
M,340,HND,530,ANT,85,"Electrical machinery and equipment and parts thereof; sound recorders and reproducers; television image and sound recorders and reproducers, parts and accessories of such articles",N/A,,
M,340,HND,530,ANT,87,"Vehicles; other than railway or tramway rolling stock, and parts and accessories thereof",N/A,,
M,340,HND,533,ABW,25,"Salt; sulphur; earths, stone; plastering materials, lime and cement",N/A,,
M,340,HND,554,NZL,02,Meat and edible meat offal,N/A,,
M,340,HND,558,NIC,41,Raw hides and skins (other than furskins) and leather,N/A,,
M,340,HND,554,NZL,04,"Dairy produce; birds' eggs; natural honey; edible products of animal origin, not elsewhere specified or included",N/A,,
M,340,HND,554,NZL,08,"Fruit and nuts, edible; peel of citrus fruit or melons",N/A,,
M,340,HND,554,NZL,18,Cocoa and cocoa preparations,N/A,,
M,340,HND,554,NZL,30,Pharmaceutical products,N/A,,
M,340,HND,554,NZL,32,"Tanning or dyeing extracts; tannins and their derivatives; dyes, pigments and other colouring matter; paints, varnishes; putty, other mastics; inks",N/A,,
M,340,HND,554,NZL,40,Rubber and articles thereof,N/A,,
M,340,HND,554,NZL,48,"Paper and paperboard; articles of paper pulp, of paper or paperboard",N/A,,
M,340,HND,554,NZL,64,Footwear; gaiters and the like; parts of such articles,N/A,,
M,340,HND,554,NZL,72,Iron and steel,N/A,,
M,340,HND,554,NZL,73,Iron or steel articles,N/A,,
M,340,HND,554,NZL,76,Aluminium and articles thereof,N/A,,
M,340,HND,554,NZL,84,"Nuclear reactors, boilers, machinery and mechanical appliances; parts thereof",N/A,,
M,340,HND,554,NZL,85,"Electrical machinery and equipment and parts thereof; sound recorders and reproducers; television image and sound recorders and reproducers, parts and accessories of such articles",N/A,,
M,340,HND,554,NZL,90,"Optical, photographic, cinematographic, measuring, checking, medical or surgical instruments and apparatus; parts and accessories",N/A,,
M,340,HND,558,NIC,01,Animals; live,N/A,,
M,340,HND,558,NIC,02,Meat and edible meat offal,N/A,,
M,340,HND,558,NIC,61,Apparel and clothing accessories; knitted or crocheted,N/A,,
M,340,HND,558,NIC,03,"Fish and crustaceans, molluscs and other aquatic invertebrates",N/A,,
M,340,HND,558,NIC,04,"Dairy produce; birds' eggs; natural honey; edible products of animal origin, not elsewhere specified or included",N/A,,
M,340,HND,558,NIC,07,Vegetables and certain roots and tubers; edible,N/A,,
M,340,HND,558,NIC,08,"Fruit and nuts, edible; peel of citrus fruit or melons",N/A,,
M,340,HND,558,NIC,09,"Coffee, tea, mate and spices",N/A,,
M,340,HND,558,NIC,11,"Products of the milling industry; malt, starches, inulin, wheat gluten",N/A,,
M,340,HND,558,NIC,12,"Oil seeds and oleaginous fruits; miscellaneous grains, seeds and fruit, industrial or medicinal plants; straw and fodder",N/A,,
M,340,HND,558,NIC,14,Vegetable plaiting materials; vegetable products not elsewhere specified or included,N/A,,
M,340,HND,558,NIC,20,"Preparations of vegetables, fruit, nuts or other parts of plants",N/A,,
M,340,HND,558,NIC,21,Miscellaneous edible preparations,N/A,,
M,340,HND,558,NIC,22,"Beverages, spirits and vinegar",N/A,,
M,340,HND,558,NIC,23,"Food industries, residues and wastes thereof; prepared animal fodder",N/A,,
M,340,HND,558,NIC,25,"Salt; sulphur; earths, stone; plastering materials, lime and cement",N/A,,
M,340,HND,558,NIC,31,Fertilizers,N/A,,
M,340,HND,558,NIC,35,Albuminoidal substances; modified starches; glues; enzymes,N/A,,
M,340,HND,558,NIC,37,Photographic or cinematographic goods,N/A,,
M,340,HND,558,NIC,38,Chemical products n.e.c.,N/A,,
M,340,HND,558,NIC,39,Plastics and articles thereof,N/A,,
M,340,HND,558,NIC,40,Rubber and articles thereof,N/A,,
M,340,HND,558,NIC,42,"Articles of leather; saddlery and harness; travel goods, handbags and similar containers; articles of animal gut (other than silk-worm gut)",N/A,,
M,340,HND,558,NIC,44,Wood and articles of wood; wood charcoal,N/A,,
M,340,HND,558,NIC,46,"Manufactures of straw, esparto or other plaiting materials; basketware and wickerwork",N/A,,
M,340,HND,558,NIC,48,"Paper and paperboard; articles of paper pulp, of paper or paperboard",N/A,,
M,340,HND,558,NIC,49,"Printed books, newspapers, pictures and other products of the printing industry; manuscripts, typescripts and plans",N/A,,
M,340,HND,558,NIC,54,Man-made filaments; strip and the like of man-made textile materials,N/A,,
M,340,HND,558,NIC,56,"Wadding, felt and nonwovens, special yarns; twine, cordage, ropes and cables and articles thereof",N/A,,
M,340,HND,558,NIC,57,Carpets and other textile floor coverings,N/A,,
M,340,HND,558,NIC,58,"Fabrics; special woven fabrics, tufted textile fabrics, lace, tapestries, trimmings, embroidery",N/A,,
M,340,HND,558,NIC,62,Apparel and clothing accessories; not knitted or crocheted,N/A,,
M,340,HND,558,NIC,63,"Textiles, made up articles; sets; worn clothing and worn textile articles; rags",N/A,,
M,340,HND,558,NIC,64,Footwear; gaiters and the like; parts of such articles,N/A,,
M,340,HND,558,NIC,65,Headgear and parts thereof,N/A,,
M,340,HND,558,NIC,66,"Umbrellas, sun umbrellas, walking-sticks, seat sticks, whips, riding crops; and parts thereof",N/A,,
M,340,HND,558,NIC,67,"Feathers and down, prepared; and articles made of feather or of down; artificial flowers; articles of human hair",N/A,,
M,340,HND,558,NIC,68,"Stone, plaster, cement, asbestos, mica or similar materials; articles thereof",N/A,,
M,340,HND,558,NIC,69,Ceramic products,N/A,,
M,340,HND,558,NIC,70,Glass and glassware,N/A,,
M,340,HND,558,NIC,27,"Mineral fuels, mineral oils and products of their distillation; bituminous substances; mineral waxes",N/A,,
M,340,HND,558,NIC,28,"Inorganic chemicals; organic and inorganic compounds of precious metals; of rare earth metals, of radio-active elements and of isotopes",N/A,,
M,340,HND,558,NIC,30,Pharmaceutical products,N/A,,
M,340,HND,558,NIC,95,"Toys, games and sports requisites; parts and accessories thereof",N/A,,
M,340,HND,558,NIC,74,Copper and articles thereof,N/A,,
M,340,HND,558,NIC,76,Aluminium and articles thereof,N/A,,
M,340,HND,558,NIC,79,Zinc and articles thereof,N/A,,
M,340,HND,558,NIC,82,"Tools, implements, cutlery, spoons and forks, of base metal; parts thereof, of base metal",N/A,,
M,340,HND,558,NIC,83,Metal; miscellaneous products of base metal,N/A,,
M,340,HND,558,NIC,84,"Nuclear reactors, boilers, machinery and mechanical appliances; parts thereof",N/A,,
M,340,HND,586,PAK,49,"Printed books, newspapers, pictures and other products of the printing industry; manuscripts, typescripts and plans",N/A,,
M,340,HND,586,PAK,52,Cotton,N/A,,
M,340,HND,586,PAK,84,"Nuclear reactors, boilers, machinery and mechanical appliances; parts thereof",N/A,,
M,340,HND,558,NIC,85,"Electrical machinery and equipment and parts thereof; sound recorders and reproducers; television image and sound recorders and reproducers, parts and accessories of such articles",N/A,,
M,340,HND,591,PAN,09,"Coffee, tea, mate and spices",N/A,,
M,340,HND,591,PAN,11,"Products of the milling industry; malt, starches, inulin, wheat gluten",N/A,,
M,340,HND,591,PAN,12,"Oil seeds and oleaginous fruits; miscellaneous grains, seeds and fruit, industrial or medicinal plants; straw and fodder",N/A,,
M,340,HND,591,PAN,22,"Beverages, spirits and vinegar",N/A,,
M,340,HND,591,PAN,23,"Food industries, residues and wastes thereof; prepared animal fodder",N/A,,
M,340,HND,558,NIC,87,"Vehicles; other than railway or tramway rolling stock, and parts and accessories thereof",N/A,,
M,340,HND,591,PAN,29,Organic chemicals,N/A,,
M,340,HND,591,PAN,30,Pharmaceutical products,N/A,,
M,340,HND,558,NIC,90,"Optical, photographic, cinematographic, measuring, checking, medical or surgical instruments and apparatus; parts and accessories",N/A,,
M,340,HND,591,PAN,33,"Essential oils and resinoids; perfumery, cosmetic or toilet preparations",N/A,,
M,340,HND,558,NIC,91,Clocks and watches and parts thereof,N/A,,
M,340,HND,558,NIC,72,Iron and steel,N/A,,
M,340,HND,591,PAN,34,"Soap, organic surface-active agents; washing, lubricating, polishing or scouring preparations; artificial or prepared waxes, candles and similar articles, modelling pastes, dental waxes and dental preparations with a basis of plaster",N/A,,
M,340,HND,558,NIC,73,Iron or steel articles,N/A,,
M,340,HND,591,PAN,35,Albuminoidal substances; modified starches; glues; enzymes,N/A,,
M,340,HND,558,NIC,96,Miscellaneous manufactured articles,N/A,,
M,340,HND,558,NIC,97,Works of art; collectors' pieces and antiques,N/A,,
M,340,HND,566,NGA,27,"Mineral fuels, mineral oils and products of their distillation; bituminous substances; mineral waxes",N/A,,
M,340,HND,566,NGA,42,"Articles of leather; saddlery and harness; travel goods, handbags and similar containers; articles of animal gut (other than silk-worm gut)",N/A,,
M,340,HND,566,NGA,84,"Nuclear reactors, boilers, machinery and mechanical appliances; parts thereof",N/A,,
M,340,HND,579,NOR,09,"Coffee, tea, mate and spices",N/A,,
M,340,HND,579,NOR,27,"Mineral fuels, mineral oils and products of their distillation; bituminous substances; mineral waxes",N/A,,
M,340,HND,579,NOR,28,"Inorganic chemicals; organic and inorganic compounds of precious metals; of rare earth metals, of radio-active elements and of isotopes",N/A,,
M,340,HND,579,NOR,30,Pharmaceutical products,N/A,,
M,340,HND,608,PHL,62,Apparel and clothing accessories; not knitted or crocheted,N/A,,
M,340,HND,608,PHL,64,Footwear; gaiters and the like; parts of such articles,N/A,,
M,340,HND,608,PHL,70,Glass and glassware,N/A,,
M,340,HND,608,PHL,87,"Vehicles; other than railway or tramway rolling stock, and parts and accessories thereof",N/A,,
M,340,HND,608,PHL,90,"Optical, photographic, cinematographic, measuring, checking, medical or surgical instruments and apparatus; parts and accessories",N/A,,
M,340,HND,643,RUS,22,"Beverages, spirits and vinegar",N/A,,
M,340,HND,643,RUS,29,Organic chemicals,N/A,,
M,340,HND,643,RUS,31,Fertilizers,N/A,,
M,340,HND,643,RUS,39,Plastics and articles thereof,N/A,,
M,340,HND,604,PER,63,"Textiles, made up articles; sets; worn clothing and worn textile articles; rags",N/A,,
M,340,HND,604,PER,65,Headgear and parts thereof,N/A,,
M,340,HND,604,PER,68,"Stone, plaster, cement, asbestos, mica or similar materials; articles thereof",N/A,,
M,340,HND,608,PHL,96,Miscellaneous manufactured articles,N/A,,
M,340,HND,616,POL,11,"Products of the milling industry; malt, starches, inulin, wheat gluten",N/A,,
M,340,HND,616,POL,17,Sugars and sugar confectionery,N/A,,
M,340,HND,616,POL,28,"Inorganic chemicals; organic and inorganic compounds of precious metals; of rare earth metals, of radio-active elements and of isotopes",N/A,,
M,340,HND,616,POL,29,Organic chemicals,N/A,,
M,340,HND,616,POL,30,Pharmaceutical products,N/A,,
M,340,HND,616,POL,31,Fertilizers,N/A,,
M,340,HND,616,POL,33,"Essential oils and resinoids; perfumery, cosmetic or toilet preparations",N/A,,
M,340,HND,616,POL,34,"Soap, organic surface-active agents; washing, lubricating, polishing or scouring preparations; artificial or prepared waxes, candles and similar articles, modelling pastes, dental waxes and dental preparations with a basis of plaster",N/A,,
M,340,HND,616,POL,39,Plastics and articles thereof,N/A,,
M,340,HND,616,POL,40,Rubber and articles thereof,N/A,,
M,340,HND,616,POL,42,"Articles of leather; saddlery and harness; travel goods, handbags and similar containers; articles of animal gut (other than silk-worm gut)",N/A,,
M,340,HND,616,POL,62,Apparel and clothing accessories; not knitted or crocheted,N/A,,
M,340,HND,616,POL,72,Iron and steel,N/A,,
M,340,HND,616,POL,82,"Tools, implements, cutlery, spoons and forks, of base metal; parts thereof, of base metal",N/A,,
M,340,HND,616,POL,84,"Nuclear reactors, boilers, machinery and mechanical appliances; parts thereof",N/A,,
M,340,HND,616,POL,85,"Electrical machinery and equipment and parts thereof; sound recorders and reproducers; television image and sound recorders and reproducers, parts and accessories of such articles",N/A,,
M,340,HND,616,POL,90,"Optical, photographic, cinematographic, measuring, checking, medical or surgical instruments and apparatus; parts and accessories",N/A,,
M,340,HND,620,PRT,16,"Meat, fish or crustaceans, molluscs or other aquatic invertebrates; preparations thereof",N/A,,
M,340,HND,620,PRT,30,Pharmaceutical products,N/A,,
M,340,HND,620,PRT,31,Fertilizers,N/A,,
M,340,HND,620,PRT,39,Plastics and articles thereof,N/A,,
M,340,HND,620,PRT,40,Rubber and articles thereof,N/A,,
M,340,HND,620,PRT,45,Cork and articles of cork,N/A,,
M,340,HND,620,PRT,48,"Paper and paperboard; articles of paper pulp, of paper or paperboard",N/A,,
M,340,HND,620,PRT,49,"Printed books, newspapers, pictures and other products of the printing industry; manuscripts, typescripts and plans",N/A,,
M,340,HND,620,PRT,61,Apparel and clothing accessories; knitted or crocheted,N/A,,
M,340,HND,620,PRT,62,Apparel and clothing accessories; not knitted or crocheted,N/A,,
M,340,HND,699,IND,34,"Soap, organic surface-active agents; washing, lubricating, polishing or scouring preparations; artificial or prepared waxes, candles and similar articles, modelling pastes, dental waxes and dental preparations with a basis of plaster",N/A,,
M,340,HND,620,PRT,63,"Textiles, made up articles; sets; worn clothing and worn textile articles; rags",N/A,,
M,340,HND,620,PRT,64,Footwear; gaiters and the like; parts of such articles,N/A,,
M,340,HND,620,PRT,65,Headgear and parts thereof,N/A,,
M,340,HND,620,PRT,73,Iron or steel articles,N/A,,
M,340,HND,620,PRT,74,Copper and articles thereof,N/A,,
M,340,HND,620,PRT,84,"Nuclear reactors, boilers, machinery and mechanical appliances; parts thereof",N/A,,
M,340,HND,620,PRT,87,"Vehicles; other than railway or tramway rolling stock, and parts and accessories thereof",N/A,,
M,340,HND,620,PRT,90,"Optical, photographic, cinematographic, measuring, checking, medical or surgical instruments and apparatus; parts and accessories",N/A,,
M,340,HND,642,ROU,39,Plastics and articles thereof,N/A,,
M,340,HND,642,ROU,40,Rubber and articles thereof,N/A,,
M,340,HND,642,ROU,42,"Articles of leather; saddlery and harness; travel goods, handbags and similar containers; articles of animal gut (other than silk-worm gut)",N/A,,
M,340,HND,642,ROU,59,"Textile fabrics; impregnated, coated, covered or laminated; textile articles of a kind suitable for industrial use",N/A,,
M,340,HND,642,ROU,61,Apparel and clothing accessories; knitted or crocheted,N/A,,
M,340,HND,642,ROU,62,Apparel and clothing accessories; not knitted or crocheted,N/A,,
M,340,HND,642,ROU,63,"Textiles, made up articles; sets; worn clothing and worn textile articles; rags",N/A,,
M,340,HND,642,ROU,64,Footwear; gaiters and the like; parts of such articles,N/A,,
M,340,HND,642,ROU,65,Headgear and parts thereof,N/A,,
M,340,HND,642,ROU,71,"Natural, cultured pearls; precious, semi-precious stones; precious metals, metals clad with precious metal, and articles thereof; imitation jewellery; coin",N/A,,
M,340,HND,642,ROU,84,"Nuclear reactors, boilers, machinery and mechanical appliances; parts thereof",N/A,,
M,340,HND,699,IND,54,Man-made filaments; strip and the like of man-made textile materials,N/A,,
M,340,HND,642,ROU,85,"Electrical machinery and equipment and parts thereof; sound recorders and reproducers; television image and sound recorders and reproducers, parts and accessories of such articles",N/A,,
M,340,HND,699,IND,57,Carpets and other textile floor coverings,N/A,,
M,340,HND,608,PHL,85,"Electrical machinery and equipment and parts thereof; sound recorders and reproducers; television image and sound recorders and reproducers, parts and accessories of such articles",N/A,,
M,340,HND,642,ROU,87,"Vehicles; other than railway or tramway rolling stock, and parts and accessories thereof",N/A,,
M,340,HND,642,ROU,90,"Optical, photographic, cinematographic, measuring, checking, medical or surgical instruments and apparatus; parts and accessories",N/A,,
M,340,HND,643,RUS,48,"Paper and paperboard; articles of paper pulp, of paper or paperboard",N/A,,
M,340,HND,643,RUS,62,Apparel and clothing accessories; not knitted or crocheted,N/A,,
M,340,HND,608,PHL,93,Arms and ammunition; parts and accessories thereof,N/A,,
M,340,HND,643,RUS,84,"Nuclear reactors, boilers, machinery and mechanical appliances; parts thereof",N/A,,
M,340,HND,643,RUS,87,"Vehicles; other than railway or tramway rolling stock, and parts and accessories thereof",N/A,,
M,340,HND,682,SAU,26,"Ores, slag and ash",N/A,,
M,340,HND,682,SAU,30,Pharmaceutical products,N/A,,
M,340,HND,682,SAU,64,Footwear; gaiters and the like; parts of such articles,N/A,,
M,340,HND,682,SAU,84,"Nuclear reactors, boilers, machinery and mechanical appliances; parts thereof",N/A,,
M,340,HND,682,SAU,87,"Vehicles; other than railway or tramway rolling stock, and parts and accessories thereof",N/A,,
M,340,HND,686,SEN,22,"Beverages, spirits and vinegar",N/A,,
M,340,HND,686,SEN,48,"Paper and paperboard; articles of paper pulp, of paper or paperboard",N/A,,
M,340,HND,688,SRB,30,Pharmaceutical products,N/A,,
M,340,HND,688,SRB,85,"Electrical machinery and equipment and parts thereof; sound recorders and reproducers; television image and sound recorders and reproducers, parts and accessories of such articles",N/A,,
M,340,HND,694,SLE,85,"Electrical machinery and equipment and parts thereof; sound recorders and reproducers; television image and sound recorders and reproducers, parts and accessories of such articles",N/A,,
M,340,HND,699,IND,03,"Fish and crustaceans, molluscs and other aquatic invertebrates",N/A,,
M,340,HND,699,IND,09,"Coffee, tea, mate and spices",N/A,,
M,340,HND,699,IND,12,"Oil seeds and oleaginous fruits; miscellaneous grains, seeds and fruit, industrial or medicinal plants; straw and fodder",N/A,,
M,340,HND,699,IND,13,"Lac; gums, resins and other vegetable saps and extracts",N/A,,
M,340,HND,699,IND,15,Animal or vegetable fats and oils and their cleavage products; prepared animal fats; animal or vegetable waxes,N/A,,
M,340,HND,699,IND,17,Sugars and sugar confectionery,N/A,,
M,340,HND,699,IND,19,"Preparations of cereals, flour, starch or milk; pastrycooks' products",N/A,,
M,340,HND,699,IND,24,Tobacco and manufactured tobacco substitutes,N/A,,
M,340,HND,699,IND,25,"Salt; sulphur; earths, stone; plastering materials, lime and cement",N/A,,
M,340,HND,699,IND,27,"Mineral fuels, mineral oils and products of their distillation; bituminous substances; mineral waxes",N/A,,
M,340,HND,699,IND,28,"Inorganic chemicals; organic and inorganic compounds of precious metals; of rare earth metals, of radio-active elements and of isotopes",N/A,,
M,340,HND,699,IND,29,Organic chemicals,N/A,,
M,340,HND,699,IND,30,Pharmaceutical products,N/A,,
M,340,HND,699,IND,36,Explosives; pyrotechnic products; matches; pyrophoric alloys; certain combustible preparations,N/A,,
M,340,HND,699,IND,38,Chemical products n.e.c.,N/A,,
M,340,HND,699,IND,39,Plastics and articles thereof,N/A,,
M,340,HND,699,IND,84,"Nuclear reactors, boilers, machinery and mechanical appliances; parts thereof",N/A,,
M,340,HND,699,IND,40,Rubber and articles thereof,N/A,,
M,340,HND,699,IND,42,"Articles of leather; saddlery and harness; travel goods, handbags and similar containers; articles of animal gut (other than silk-worm gut)",N/A,,
M,340,HND,699,IND,44,Wood and articles of wood; wood charcoal,N/A,,
M,340,HND,699,IND,48,"Paper and paperboard; articles of paper pulp, of paper or paperboard",N/A,,
M,340,HND,699,IND,49,"Printed books, newspapers, pictures and other products of the printing industry; manuscripts, typescripts and plans",N/A,,
M,340,HND,699,IND,52,Cotton,N/A,,
M,340,HND,699,IND,55,Man-made staple fibres,N/A,,
M,340,HND,699,IND,56,"Wadding, felt and nonwovens, special yarns; twine, cordage, ropes and cables and articles thereof",N/A,,
M,340,HND,699,IND,58,"Fabrics; special woven fabrics, tufted textile fabrics, lace, tapestries, trimmings, embroidery",N/A,,
M,340,HND,699,IND,59,"Textile fabrics; impregnated, coated, covered or laminated; textile articles of a kind suitable for industrial use",N/A,,
M,340,HND,699,IND,60,Fabrics; knitted or crocheted,N/A,,
M,340,HND,699,IND,61,Apparel and clothing accessories; knitted or crocheted,N/A,,
M,340,HND,643,RUS,72,Iron and steel,N/A,,
M,340,HND,643,RUS,76,Aluminium and articles thereof,N/A,,
M,340,HND,643,RUS,79,Zinc and articles thereof,N/A,,
M,340,HND,643,RUS,82,"Tools, implements, cutlery, spoons and forks, of base metal; parts thereof, of base metal",N/A,,
M,340,HND,699,IND,63,"Textiles, made up articles; sets; worn clothing and worn textile articles; rags",N/A,,
M,340,HND,699,IND,64,Footwear; gaiters and the like; parts of such articles,N/A,,
M,340,HND,699,IND,65,Headgear and parts thereof,N/A,,
M,340,HND,699,IND,68,"Stone, plaster, cement, asbestos, mica or similar materials; articles thereof",N/A,,
M,340,HND,699,IND,69,Ceramic products,N/A,,
M,340,HND,699,IND,70,Glass and glassware,N/A,,
M,340,HND,699,IND,71,"Natural, cultured pearls; precious, semi-precious stones; precious metals, metals clad with precious metal, and articles thereof; imitation jewellery; coin",N/A,,
M,340,HND,699,IND,72,Iron and steel,N/A,,
M,340,HND,699,IND,73,Iron or steel articles,N/A,,
M,340,HND,699,IND,76,Aluminium and articles thereof,N/A,,
M,340,HND,699,IND,82,"Tools, implements, cutlery, spoons and forks, of base metal; parts thereof, of base metal",N/A,,
M,340,HND,699,IND,31,Fertilizers,N/A,,
M,340,HND,699,IND,32,"Tanning or dyeing extracts; tannins and their derivatives; dyes, pigments and other colouring matter; paints, varnishes; putty, other mastics; inks",N/A,,
M,340,HND,699,IND,33,"Essential oils and resinoids; perfumery, cosmetic or toilet preparations",N/A,,
M,340,HND,699,IND,83,Metal; miscellaneous products of base metal,N/A,,
M,340,HND,702,SGP,52,Cotton,N/A,,
M,340,HND,702,SGP,85,"Electrical machinery and equipment and parts thereof; sound recorders and reproducers; television image and sound recorders and reproducers, parts and accessories of such articles",N/A,,
M,340,HND,699,IND,85,"Electrical machinery and equipment and parts thereof; sound recorders and reproducers; television image and sound recorders and reproducers, parts and accessories of such articles",N/A,,
M,340,HND,699,IND,62,Apparel and clothing accessories; not knitted or crocheted,N/A,,
M,340,HND,704,VNM,42,"Articles of leather; saddlery and harness; travel goods, handbags and similar containers; articles of animal gut (other than silk-worm gut)",N/A,,
M,340,HND,699,IND,87,"Vehicles; other than railway or tramway rolling stock, and parts and accessories thereof",N/A,,
M,340,HND,699,IND,90,"Optical, photographic, cinematographic, measuring, checking, medical or surgical instruments and apparatus; parts and accessories",N/A,,
M,340,HND,705,SVN,68,"Stone, plaster, cement, asbestos, mica or similar materials; articles thereof",N/A,,
M,340,HND,699,IND,91,Clocks and watches and parts thereof,N/A,,
M,340,HND,699,IND,94,"Furniture; bedding, mattresses, mattress supports, cushions and similar stuffed furnishings; lamps and lighting fittings, n.e.c.; illuminated signs, illuminated name-plates and the like; prefabricated buildings",N/A,,
M,340,HND,705,SVN,87,"Vehicles; other than railway or tramway rolling stock, and parts and accessories thereof",N/A,,
M,340,HND,699,IND,95,"Toys, games and sports requisites; parts and accessories thereof",N/A,,
M,340,HND,699,IND,96,Miscellaneous manufactured articles,N/A,,
M,340,HND,702,SGP,04,"Dairy produce; birds' eggs; natural honey; edible products of animal origin, not elsewhere specified or included",N/A,,
M,340,HND,702,SGP,11,"Products of the milling industry; malt, starches, inulin, wheat gluten",N/A,,
M,340,HND,702,SGP,14,Vegetable plaiting materials; vegetable products not elsewhere specified or included,N/A,,
M,340,HND,702,SGP,18,Cocoa and cocoa preparations,N/A,,
M,340,HND,702,SGP,29,Organic chemicals,N/A,,
M,340,HND,702,SGP,30,Pharmaceutical products,N/A,,
M,340,HND,702,SGP,32,"Tanning or dyeing extracts; tannins and their derivatives; dyes, pigments and other colouring matter; paints, varnishes; putty, other mastics; inks",N/A,,
M,340,HND,702,SGP,33,"Essential oils and resinoids; perfumery, cosmetic or toilet preparations",N/A,,
M,340,HND,702,SGP,37,Photographic or cinematographic goods,N/A,,
M,340,HND,702,SGP,38,Chemical products n.e.c.,N/A,,
M,340,HND,702,SGP,39,Plastics and articles thereof,N/A,,
M,340,HND,702,SGP,40,Rubber and articles thereof,N/A,,
M,340,HND,702,SGP,42,"Articles of leather; saddlery and harness; travel goods, handbags and similar containers; articles of animal gut (other than silk-worm gut)",N/A,,
M,340,HND,702,SGP,48,"Paper and paperboard; articles of paper pulp, of paper or paperboard",N/A,,
M,340,HND,702,SGP,49,"Printed books, newspapers, pictures and other products of the printing industry; manuscripts, typescripts and plans",N/A,,
M,340,HND,702,SGP,59,"Textile fabrics; impregnated, coated, covered or laminated; textile articles of a kind suitable for industrial use",N/A,,
M,340,HND,702,SGP,63,"Textiles, made up articles; sets; worn clothing and worn textile articles; rags",N/A,,
M,340,HND,702,SGP,65,Headgear and parts thereof,N/A,,
M,340,HND,702,SGP,68,"Stone, plaster, cement, asbestos, mica or similar materials; articles thereof",N/A,,
M,340,HND,702,SGP,73,Iron or steel articles,N/A,,
M,340,HND,702,SGP,82,"Tools, implements, cutlery, spoons and forks, of base metal; parts thereof, of base metal",N/A,,
M,340,HND,702,SGP,84,"Nuclear reactors, boilers, machinery and mechanical appliances; parts thereof",N/A,,
M,340,HND,702,SGP,87,"Vehicles; other than railway or tramway rolling stock, and parts and accessories thereof",N/A,,
M,340,HND,702,SGP,89,"Ships, boats and floating structures",N/A,,
M,340,HND,702,SGP,90,"Optical, photographic, cinematographic, measuring, checking, medical or surgical instruments and apparatus; parts and accessories",N/A,,
M,340,HND,702,SGP,97,Works of art; collectors' pieces and antiques,N/A,,
M,340,HND,703,SVK,28,"Inorganic chemicals; organic and inorganic compounds of precious metals; of rare earth metals, of radio-active elements and of isotopes",N/A,,
M,340,HND,703,SVK,29,Organic chemicals,N/A,,
M,340,HND,703,SVK,39,Plastics and articles thereof,N/A,,
M,340,HND,703,SVK,72,Iron and steel,N/A,,
M,340,HND,703,SVK,82,"Tools, implements, cutlery, spoons and forks, of base metal; parts thereof, of base metal",N/A,,
M,340,HND,703,SVK,84,"Nuclear reactors, boilers, machinery and mechanical appliances; parts thereof",N/A,,
M,340,HND,703,SVK,85,"Electrical machinery and equipment and parts thereof; sound recorders and reproducers; television image and sound recorders and reproducers, parts and accessories of such articles",N/A,,
M,340,HND,703,SVK,96,Miscellaneous manufactured articles,N/A,,
M,340,HND,704,VNM,03,"Fish and crustaceans, molluscs and other aquatic invertebrates",N/A,,
M,340,HND,704,VNM,11,"Products of the milling industry; malt, starches, inulin, wheat gluten",N/A,,
M,340,HND,704,VNM,12,"Oil seeds and oleaginous fruits; miscellaneous grains, seeds and fruit, industrial or medicinal plants; straw and fodder",N/A,,
M,340,HND,704,VNM,16,"Meat, fish or crustaceans, molluscs or other aquatic invertebrates; preparations thereof",N/A,,
M,340,HND,710,ZAF,85,"Electrical machinery and equipment and parts thereof; sound recorders and reproducers; television image and sound recorders and reproducers, parts and accessories of such articles",N/A,,
M,340,HND,704,VNM,19,"Preparations of cereals, flour, starch or milk; pastrycooks' products",N/A,,
M,340,HND,704,VNM,21,Miscellaneous edible preparations,N/A,,
M,340,HND,704,VNM,39,Plastics and articles thereof,N/A,,
M,340,HND,704,VNM,40,Rubber and articles thereof,N/A,,
M,340,HND,704,VNM,62,Apparel and clothing accessories; not knitted or crocheted,N/A,,
M,340,HND,704,VNM,63,"Textiles, made up articles; sets; worn clothing and worn textile articles; rags",N/A,,
M,340,HND,704,VNM,64,Footwear; gaiters and the like; parts of such articles,N/A,,
M,340,HND,704,VNM,69,Ceramic products,N/A,,
M,340,HND,724,ESP,08,"Fruit and nuts, edible; peel of citrus fruit or melons",N/A,,
M,340,HND,704,VNM,72,Iron and steel,N/A,,
M,340,HND,704,VNM,73,Iron or steel articles,N/A,,
M,340,HND,704,VNM,82,"Tools, implements, cutlery, spoons and forks, of base metal; parts thereof, of base metal",N/A,,
M,340,HND,704,VNM,83,Metal; miscellaneous products of base metal,N/A,,
M,340,HND,704,VNM,84,"Nuclear reactors, boilers, machinery and mechanical appliances; parts thereof",N/A,,
M,340,HND,704,VNM,85,"Electrical machinery and equipment and parts thereof; sound recorders and reproducers; television image and sound recorders and reproducers, parts and accessories of such articles",N/A,,
M,340,HND,704,VNM,94,"Furniture; bedding, mattresses, mattress supports, cushions and similar stuffed furnishings; lamps and lighting fittings, n.e.c.; illuminated signs, illuminated name-plates and the like; prefabricated buildings",N/A,,
M,340,HND,704,VNM,96,Miscellaneous manufactured articles,N/A,,
M,340,HND,705,SVN,70,Glass and glassware,N/A,,
M,340,HND,705,SVN,84,"Nuclear reactors, boilers, machinery and mechanical appliances; parts thereof",N/A,,
M,340,HND,705,SVN,85,"Electrical machinery and equipment and parts thereof; sound recorders and reproducers; television image and sound recorders and reproducers, parts and accessories of such articles",N/A,,
M,340,HND,705,SVN,90,"Optical, photographic, cinematographic, measuring, checking, medical or surgical instruments and apparatus; parts and accessories",N/A,,
M,340,HND,705,SVN,95,"Toys, games and sports requisites; parts and accessories thereof",N/A,,
M,340,HND,705,SVN,96,Miscellaneous manufactured articles,N/A,,
M,340,HND,710,ZAF,06,"Trees and other plants, live; bulbs, roots and the like; cut flowers and ornamental foliage",N/A,,
M,340,HND,710,ZAF,12,"Oil seeds and oleaginous fruits; miscellaneous grains, seeds and fruit, industrial or medicinal plants; straw and fodder",N/A,,
M,340,HND,710,ZAF,16,"Meat, fish or crustaceans, molluscs or other aquatic invertebrates; preparations thereof",N/A,,
M,340,HND,710,ZAF,17,Sugars and sugar confectionery,N/A,,
M,340,HND,710,ZAF,18,Cocoa and cocoa preparations,N/A,,
M,340,HND,710,ZAF,19,"Preparations of cereals, flour, starch or milk; pastrycooks' products",N/A,,
M,340,HND,710,ZAF,20,"Preparations of vegetables, fruit, nuts or other parts of plants",N/A,,
M,340,HND,710,ZAF,21,Miscellaneous edible preparations,N/A,,
M,340,HND,710,ZAF,22,"Beverages, spirits and vinegar",N/A,,
M,340,HND,710,ZAF,25,"Salt; sulphur; earths, stone; plastering materials, lime and cement",N/A,,
M,340,HND,710,ZAF,30,Pharmaceutical products,N/A,,
M,340,HND,710,ZAF,31,Fertilizers,N/A,,
M,340,HND,710,ZAF,32,"Tanning or dyeing extracts; tannins and their derivatives; dyes, pigments and other colouring matter; paints, varnishes; putty, other mastics; inks",N/A,,
M,340,HND,710,ZAF,33,"Essential oils and resinoids; perfumery, cosmetic or toilet preparations",N/A,,
M,340,HND,710,ZAF,34,"Soap, organic surface-active agents; washing, lubricating, polishing or scouring preparations; artificial or prepared waxes, candles and similar articles, modelling pastes, dental waxes and dental preparations with a basis of plaster",N/A,,
M,340,HND,710,ZAF,38,Chemical products n.e.c.,N/A,,
M,340,HND,710,ZAF,39,Plastics and articles thereof,N/A,,
M,340,HND,710,ZAF,42,"Articles of leather; saddlery and harness; travel goods, handbags and similar containers; articles of animal gut (other than silk-worm gut)",N/A,,
M,340,HND,710,ZAF,44,Wood and articles of wood; wood charcoal,N/A,,
M,340,HND,710,ZAF,48,"Paper and paperboard; articles of paper pulp, of paper or paperboard",N/A,,
M,340,HND,710,ZAF,49,"Printed books, newspapers, pictures and other products of the printing industry; manuscripts, typescripts and plans",N/A,,
M,340,HND,710,ZAF,56,"Wadding, felt and nonwovens, special yarns; twine, cordage, ropes and cables and articles thereof",N/A,,
M,340,HND,710,ZAF,57,Carpets and other textile floor coverings,N/A,,
M,340,HND,710,ZAF,61,Apparel and clothing accessories; knitted or crocheted,N/A,,
M,340,HND,710,ZAF,62,Apparel and clothing accessories; not knitted or crocheted,N/A,,
M,340,HND,710,ZAF,63,"Textiles, made up articles; sets; worn clothing and worn textile articles; rags",N/A,,
M,340,HND,710,ZAF,64,Footwear; gaiters and the like; parts of such articles,N/A,,
M,340,HND,710,ZAF,68,"Stone, plaster, cement, asbestos, mica or similar materials; articles thereof",N/A,,
M,340,HND,710,ZAF,69,Ceramic products,N/A,,
M,340,HND,710,ZAF,70,Glass and glassware,N/A,,
M,340,HND,710,ZAF,71,"Natural, cultured pearls; precious, semi-precious stones; precious metals, metals clad with precious metal, and articles thereof; imitation jewellery; coin",N/A,,
M,340,HND,710,ZAF,73,Iron or steel articles,N/A,,
M,340,HND,710,ZAF,82,"Tools, implements, cutlery, spoons and forks, of base metal; parts thereof, of base metal",N/A,,
M,340,HND,710,ZAF,83,Metal; miscellaneous products of base metal,N/A,,
M,340,HND,710,ZAF,84,"Nuclear reactors, boilers, machinery and mechanical appliances; parts thereof",N/A,,
M,340,HND,710,ZAF,87,"Vehicles; other than railway or tramway rolling stock, and parts and accessories thereof",N/A,,
M,340,HND,704,VNM,48,"Paper and paperboard; articles of paper pulp, of paper or paperboard",N/A,,
M,340,HND,704,VNM,54,Man-made filaments; strip and the like of man-made textile materials,N/A,,
M,340,HND,704,VNM,61,Apparel and clothing accessories; knitted or crocheted,N/A,,
M,340,HND,710,ZAF,91,Clocks and watches and parts thereof,N/A,,
M,340,HND,710,ZAF,94,"Furniture; bedding, mattresses, mattress supports, cushions and similar stuffed furnishings; lamps and lighting fittings, n.e.c.; illuminated signs, illuminated name-plates and the like; prefabricated buildings",N/A,,
M,340,HND,710,ZAF,95,"Toys, games and sports requisites; parts and accessories thereof",N/A,,
M,340,HND,710,ZAF,97,Works of art; collectors' pieces and antiques,N/A,,
M,340,HND,716,ZWE,24,Tobacco and manufactured tobacco substitutes,N/A,,
M,340,HND,716,ZWE,87,"Vehicles; other than railway or tramway rolling stock, and parts and accessories thereof",N/A,,
M,340,HND,716,ZWE,90,"Optical, photographic, cinematographic, measuring, checking, medical or surgical instruments and apparatus; parts and accessories",N/A,,
M,340,HND,716,ZWE,94,"Furniture; bedding, mattresses, mattress supports, cushions and similar stuffed furnishings; lamps and lighting fittings, n.e.c.; illuminated signs, illuminated name-plates and the like; prefabricated buildings",N/A,,
M,340,HND,724,ESP,01,Animals; live,N/A,,
M,340,HND,724,ESP,03,"Fish and crustaceans, molluscs and other aquatic invertebrates",N/A,,
M,340,HND,724,ESP,04,"Dairy produce; birds' eggs; natural honey; edible products of animal origin, not elsewhere specified or included",N/A,,
M,340,HND,724,ESP,07,Vegetables and certain roots and tubers; edible,N/A,,
M,340,HND,724,ESP,09,"Coffee, tea, mate and spices",N/A,,
M,340,HND,724,ESP,10,Cereals,N/A,,
M,340,HND,724,ESP,11,"Products of the milling industry; malt, starches, inulin, wheat gluten",N/A,,
M,340,HND,724,ESP,12,"Oil seeds and oleaginous fruits; miscellaneous grains, seeds and fruit, industrial or medicinal plants; straw and fodder",N/A,,
M,340,HND,724,ESP,13,"Lac; gums, resins and other vegetable saps and extracts",N/A,,
M,340,HND,724,ESP,15,Animal or vegetable fats and oils and their cleavage products; prepared animal fats; animal or vegetable waxes,N/A,,
M,340,HND,724,ESP,16,"Meat, fish or crustaceans, molluscs or other aquatic invertebrates; preparations thereof",N/A,,
M,340,HND,724,ESP,17,Sugars and sugar confectionery,N/A,,
M,340,HND,724,ESP,18,Cocoa and cocoa preparations,N/A,,
M,340,HND,724,ESP,19,"Preparations of cereals, flour, starch or milk; pastrycooks' products",N/A,,
M,340,HND,724,ESP,20,"Preparations of vegetables, fruit, nuts or other parts of plants",N/A,,
M,340,HND,724,ESP,21,Miscellaneous edible preparations,N/A,,
M,340,HND,724,ESP,22,"Beverages, spirits and vinegar",N/A,,
M,340,HND,724,ESP,23,"Food industries, residues and wastes thereof; prepared animal fodder",N/A,,
M,340,HND,724,ESP,24,Tobacco and manufactured tobacco substitutes,N/A,,
M,340,HND,724,ESP,27,"Mineral fuels, mineral oils and products of their distillation; bituminous substances; mineral waxes",N/A,,
M,340,HND,724,ESP,28,"Inorganic chemicals; organic and inorganic compounds of precious metals; of rare earth metals, of radio-active elements and of isotopes",N/A,,
M,340,HND,724,ESP,29,Organic chemicals,N/A,,
M,340,HND,724,ESP,30,Pharmaceutical products,N/A,,
M,340,HND,724,ESP,31,Fertilizers,N/A,,
M,340,HND,724,ESP,32,"Tanning or dyeing extracts; tannins and their derivatives; dyes, pigments and other colouring matter; paints, varnishes; putty, other mastics; inks",N/A,,
M,340,HND,724,ESP,33,"Essential oils and resinoids; perfumery, cosmetic or toilet preparations",N/A,,
M,340,HND,710,ZAF,90,"Optical, photographic, cinematographic, measuring, checking, medical or surgical instruments and apparatus; parts and accessories",N/A,,
M,340,HND,724,ESP,39,Plastics and articles thereof,N/A,,
M,340,HND,724,ESP,40,Rubber and articles thereof,N/A,,
M,340,HND,724,ESP,42,"Articles of leather; saddlery and harness; travel goods, handbags and similar containers; articles of animal gut (other than silk-worm gut)",N/A,,
M,340,HND,724,ESP,44,Wood and articles of wood; wood charcoal,N/A,,
M,340,HND,724,ESP,25,"Salt; sulphur; earths, stone; plastering materials, lime and cement",N/A,,
M,340,HND,724,ESP,49,"Printed books, newspapers, pictures and other products of the printing industry; manuscripts, typescripts and plans",N/A,,
M,340,HND,724,ESP,52,Cotton,N/A,,
M,340,HND,724,ESP,53,Vegetable textile fibres; paper yarn and woven fabrics of paper yarn,N/A,,
M,340,HND,724,ESP,54,Man-made filaments; strip and the like of man-made textile materials,N/A,,
M,340,HND,724,ESP,55,Man-made staple fibres,N/A,,
M,340,HND,724,ESP,56,"Wadding, felt and nonwovens, special yarns; twine, cordage, ropes and cables and articles thereof",N/A,,
M,340,HND,724,ESP,57,Carpets and other textile floor coverings,N/A,,
M,340,HND,724,ESP,58,"Fabrics; special woven fabrics, tufted textile fabrics, lace, tapestries, trimmings, embroidery",N/A,,
M,340,HND,724,ESP,59,"Textile fabrics; impregnated, coated, covered or laminated; textile articles of a kind suitable for industrial use",N/A,,
M,340,HND,724,ESP,60,Fabrics; knitted or crocheted,N/A,,
M,340,HND,724,ESP,61,Apparel and clothing accessories; knitted or crocheted,N/A,,
M,340,HND,724,ESP,34,"Soap, organic surface-active agents; washing, lubricating, polishing or scouring preparations; artificial or prepared waxes, candles and similar articles, modelling pastes, dental waxes and dental preparations with a basis of plaster",N/A,,
M,340,HND,724,ESP,35,Albuminoidal substances; modified starches; glues; enzymes,N/A,,
M,340,HND,724,ESP,38,Chemical products n.e.c.,N/A,,
M,340,HND,724,ESP,62,Apparel and clothing accessories; not knitted or crocheted,N/A,,
M,340,HND,724,ESP,63,"Textiles, made up articles; sets; worn clothing and worn textile articles; rags",N/A,,
M,340,HND,724,ESP,64,Footwear; gaiters and the like; parts of such articles,N/A,,
M,340,HND,724,ESP,45,Cork and articles of cork,N/A,,
M,340,HND,724,ESP,46,"Manufactures of straw, esparto or other plaiting materials; basketware and wickerwork",N/A,,
M,340,HND,724,ESP,48,"Paper and paperboard; articles of paper pulp, of paper or paperboard",N/A,,
M,340,HND,724,ESP,65,Headgear and parts thereof,N/A,,
M,340,HND,724,ESP,66,"Umbrellas, sun umbrellas, walking-sticks, seat sticks, whips, riding crops; and parts thereof",N/A,,
M,340,HND,724,ESP,67,"Feathers and down, prepared; and articles made of feather or of down; artificial flowers; articles of human hair",N/A,,
M,340,HND,724,ESP,68,"Stone, plaster, cement, asbestos, mica or similar materials; articles thereof",N/A,,
M,340,HND,724,ESP,69,Ceramic products,N/A,,
M,340,HND,724,ESP,70,Glass and glassware,N/A,,
M,340,HND,724,ESP,71,"Natural, cultured pearls; precious, semi-precious stones; precious metals, metals clad with precious metal, and articles thereof; imitation jewellery; coin",N/A,,
M,340,HND,724,ESP,72,Iron and steel,N/A,,
M,340,HND,724,ESP,73,Iron or steel articles,N/A,,
M,340,HND,724,ESP,74,Copper and articles thereof,N/A,,
M,340,HND,724,ESP,76,Aluminium and articles thereof,N/A,,
M,340,HND,724,ESP,78,Lead and articles thereof,N/A,,
M,340,HND,724,ESP,79,Zinc and articles thereof,N/A,,
M,340,HND,724,ESP,82,"Tools, implements, cutlery, spoons and forks, of base metal; parts thereof, of base metal",N/A,,
M,340,HND,724,ESP,83,Metal; miscellaneous products of base metal,N/A,,
M,340,HND,724,ESP,84,"Nuclear reactors, boilers, machinery and mechanical appliances; parts thereof",N/A,,
M,340,HND,724,ESP,89,"Ships, boats and floating structures",N/A,,
M,340,HND,724,ESP,90,"Optical, photographic, cinematographic, measuring, checking, medical or surgical instruments and apparatus; parts and accessories",N/A,,
M,340,HND,724,ESP,85,"Electrical machinery and equipment and parts thereof; sound recorders and reproducers; television image and sound recorders and reproducers, parts and accessories of such articles",N/A,,
M,340,HND,752,SWE,31,Fertilizers,N/A,,
M,340,HND,752,SWE,32,"Tanning or dyeing extracts; tannins and their derivatives; dyes, pigments and other colouring matter; paints, varnishes; putty, other mastics; inks",N/A,,
M,340,HND,724,ESP,86,"Railway, tramway locomotives, rolling-stock and parts thereof; railway or tramway track fixtures and fittings and parts thereof; mechanical (including electro-mechanical) traffic signalling equipment of all kinds",N/A,,
M,340,HND,724,ESP,87,"Vehicles; other than railway or tramway rolling stock, and parts and accessories thereof",N/A,,
M,340,HND,752,SWE,84,"Nuclear reactors, boilers, machinery and mechanical appliances; parts thereof",N/A,,
M,340,HND,724,ESP,97,Works of art; collectors' pieces and antiques,N/A,,
M,340,HND,740,SUR,24,Tobacco and manufactured tobacco substitutes,N/A,,
M,340,HND,740,SUR,85,"Electrical machinery and equipment and parts thereof; sound recorders and reproducers; television image and sound recorders and reproducers, parts and accessories of such articles",N/A,,
M,340,HND,752,SWE,09,"Coffee, tea, mate and spices",N/A,,
M,340,HND,752,SWE,17,Sugars and sugar confectionery,N/A,,
M,340,HND,752,SWE,21,Miscellaneous edible preparations,N/A,,
M,340,HND,752,SWE,22,"Beverages, spirits and vinegar",N/A,,
M,340,HND,752,SWE,27,"Mineral fuels, mineral oils and products of their distillation; bituminous substances; mineral waxes",N/A,,
M,340,HND,752,SWE,28,"Inorganic chemicals; organic and inorganic compounds of precious metals; of rare earth metals, of radio-active elements and of isotopes",N/A,,
M,340,HND,752,SWE,30,Pharmaceutical products,N/A,,
M,340,HND,752,SWE,33,"Essential oils and resinoids; perfumery, cosmetic or toilet preparations",N/A,,
M,340,HND,752,SWE,34,"Soap, organic surface-active agents; washing, lubricating, polishing or scouring preparations; artificial or prepared waxes, candles and similar articles, modelling pastes, dental waxes and dental preparations with a basis of plaster",N/A,,
M,340,HND,752,SWE,35,Albuminoidal substances; modified starches; glues; enzymes,N/A,,
M,340,HND,752,SWE,38,Chemical products n.e.c.,N/A,,
M,340,HND,752,SWE,39,Plastics and articles thereof,N/A,,
M,340,HND,752,SWE,40,Rubber and articles thereof,N/A,,
M,340,HND,752,SWE,42,"Articles of leather; saddlery and harness; travel goods, handbags and similar containers; articles of animal gut (other than silk-worm gut)",N/A,,
M,340,HND,752,SWE,48,"Paper and paperboard; articles of paper pulp, of paper or paperboard",N/A,,
M,340,HND,752,SWE,49,"Printed books, newspapers, pictures and other products of the printing industry; manuscripts, typescripts and plans",N/A,,
M,340,HND,752,SWE,56,"Wadding, felt and nonwovens, special yarns; twine, cordage, ropes and cables and articles thereof",N/A,,
M,340,HND,752,SWE,57,Carpets and other textile floor coverings,N/A,,
M,340,HND,752,SWE,59,"Textile fabrics; impregnated, coated, covered or laminated; textile articles of a kind suitable for industrial use",N/A,,
M,340,HND,752,SWE,62,Apparel and clothing accessories; not knitted or crocheted,N/A,,
M,340,HND,752,SWE,63,"Textiles, made up articles; sets; worn clothing and worn textile articles; rags",N/A,,
M,340,HND,752,SWE,64,Footwear; gaiters and the like; parts of such articles,N/A,,
M,340,HND,752,SWE,65,Headgear and parts thereof,N/A,,
M,340,HND,752,SWE,66,"Umbrellas, sun umbrellas, walking-sticks, seat sticks, whips, riding crops; and parts thereof",N/A,,
M,340,HND,752,SWE,70,Glass and glassware,N/A,,
M,340,HND,752,SWE,72,Iron and steel,N/A,,
M,340,HND,752,SWE,73,Iron or steel articles,N/A,,
M,340,HND,752,SWE,74,Copper and articles thereof,N/A,,
M,340,HND,752,SWE,76,Aluminium and articles thereof,N/A,,
M,340,HND,752,SWE,82,"Tools, implements, cutlery, spoons and forks, of base metal; parts thereof, of base metal",N/A,,
M,340,HND,752,SWE,83,Metal; miscellaneous products of base metal,N/A,,
M,340,HND,724,ESP,91,Clocks and watches and parts thereof,N/A,,
M,340,HND,724,ESP,92,Musical instruments; parts and accessories of such articles,N/A,,
M,340,HND,724,ESP,93,Arms and ammunition; parts and accessories thereof,N/A,,
M,340,HND,724,ESP,94,"Furniture; bedding, mattresses, mattress supports, cushions and similar stuffed furnishings; lamps and lighting fittings, n.e.c.; illuminated signs, illuminated name-plates and the like; prefabricated buildings",N/A,,
M,340,HND,724,ESP,95,"Toys, games and sports requisites; parts and accessories thereof",N/A,,
M,340,HND,757,CHE,42,"Articles of leather; saddlery and harness; travel goods, handbags and similar containers; articles of animal gut (other than silk-worm gut)",N/A,,
M,340,HND,724,ESP,96,Miscellaneous manufactured articles,N/A,,
M,340,HND,757,CHE,52,Cotton,N/A,,
M,340,HND,757,CHE,56,"Wadding, felt and nonwovens, special yarns; twine, cordage, ropes and cables and articles thereof",N/A,,
M,340,HND,757,CHE,58,"Fabrics; special woven fabrics, tufted textile fabrics, lace, tapestries, trimmings, embroidery",N/A,,
M,340,HND,757,CHE,59,"Textile fabrics; impregnated, coated, covered or laminated; textile articles of a kind suitable for industrial use",N/A,,
M,340,HND,757,CHE,61,Apparel and clothing accessories; knitted or crocheted,N/A,,
M,340,HND,757,CHE,62,Apparel and clothing accessories; not knitted or crocheted,N/A,,
M,340,HND,752,SWE,85,"Electrical machinery and equipment and parts thereof; sound recorders and reproducers; television image and sound recorders and reproducers, parts and accessories of such articles",N/A,,
M,340,HND,757,CHE,82,"Tools, implements, cutlery, spoons and forks, of base metal; parts thereof, of base metal",N/A,,
M,340,HND,752,SWE,87,"Vehicles; other than railway or tramway rolling stock, and parts and accessories thereof",N/A,,
M,340,HND,752,SWE,89,"Ships, boats and floating structures",N/A,,
M,340,HND,752,SWE,90,"Optical, photographic, cinematographic, measuring, checking, medical or surgical instruments and apparatus; parts and accessories",N/A,,
M,340,HND,752,SWE,94,"Furniture; bedding, mattresses, mattress supports, cushions and similar stuffed furnishings; lamps and lighting fittings, n.e.c.; illuminated signs, illuminated name-plates and the like; prefabricated buildings",N/A,,
M,340,HND,752,SWE,95,"Toys, games and sports requisites; parts and accessories thereof",N/A,,
M,340,HND,752,SWE,96,Miscellaneous manufactured articles,N/A,,
M,340,HND,752,SWE,97,Works of art; collectors' pieces and antiques,N/A,,
M,340,HND,757,CHE,04,"Dairy produce; birds' eggs; natural honey; edible products of animal origin, not elsewhere specified or included",N/A,,
M,340,HND,757,CHE,05,Animal originated products; not elsewhere specified or included,N/A,,
M,340,HND,757,CHE,18,Cocoa and cocoa preparations,N/A,,
M,340,HND,757,CHE,32,"Tanning or dyeing extracts; tannins and their derivatives; dyes, pigments and other colouring matter; paints, varnishes; putty, other mastics; inks",N/A,,
M,340,HND,757,CHE,33,"Essential oils and resinoids; perfumery, cosmetic or toilet preparations",N/A,,
M,340,HND,757,CHE,34,"Soap, organic surface-active agents; washing, lubricating, polishing or scouring preparations; artificial or prepared waxes, candles and similar articles, modelling pastes, dental waxes and dental preparations with a basis of plaster",N/A,,
M,340,HND,757,CHE,35,Albuminoidal substances; modified starches; glues; enzymes,N/A,,
M,340,HND,757,CHE,37,Photographic or cinematographic goods,N/A,,
M,340,HND,757,CHE,38,Chemical products n.e.c.,N/A,,
M,340,HND,757,CHE,39,Plastics and articles thereof,N/A,,
M,340,HND,757,CHE,40,Rubber and articles thereof,N/A,,
M,340,HND,757,CHE,44,Wood and articles of wood; wood charcoal,N/A,,
M,340,HND,757,CHE,48,"Paper and paperboard; articles of paper pulp, of paper or paperboard",N/A,,
M,340,HND,757,CHE,63,"Textiles, made up articles; sets; worn clothing and worn textile articles; rags",N/A,,
M,340,HND,757,CHE,65,Headgear and parts thereof,N/A,,
M,340,HND,757,CHE,68,"Stone, plaster, cement, asbestos, mica or similar materials; articles thereof",N/A,,
M,340,HND,757,CHE,71,"Natural, cultured pearls; precious, semi-precious stones; precious metals, metals clad with precious metal, and articles thereof; imitation jewellery; coin",N/A,,
M,340,HND,757,CHE,72,Iron and steel,N/A,,
M,340,HND,757,CHE,73,Iron or steel articles,N/A,,
M,340,HND,757,CHE,76,Aluminium and articles thereof,N/A,,
M,340,HND,764,THA,39,Plastics and articles thereof,N/A,,
M,340,HND,757,CHE,83,Metal; miscellaneous products of base metal,N/A,,
M,340,HND,757,CHE,84,"Nuclear reactors, boilers, machinery and mechanical appliances; parts thereof",N/A,,
M,340,HND,757,CHE,85,"Electrical machinery and equipment and parts thereof; sound recorders and reproducers; television image and sound recorders and reproducers, parts and accessories of such articles",N/A,,
M,340,HND,764,THA,52,Cotton,N/A,,
M,340,HND,764,THA,54,Man-made filaments; strip and the like of man-made textile materials,N/A,,
M,340,HND,764,THA,56,"Wadding, felt and nonwovens, special yarns; twine, cordage, ropes and cables and articles thereof",N/A,,
M,340,HND,764,THA,58,"Fabrics; special woven fabrics, tufted textile fabrics, lace, tapestries, trimmings, embroidery",N/A,,
M,340,HND,757,CHE,21,Miscellaneous edible preparations,N/A,,
M,340,HND,757,CHE,27,"Mineral fuels, mineral oils and products of their distillation; bituminous substances; mineral waxes",N/A,,
M,340,HND,757,CHE,28,"Inorganic chemicals; organic and inorganic compounds of precious metals; of rare earth metals, of radio-active elements and of isotopes",N/A,,
M,340,HND,757,CHE,29,Organic chemicals,N/A,,
M,340,HND,757,CHE,30,Pharmaceutical products,N/A,,
M,340,HND,764,THA,72,Iron and steel,N/A,,
M,340,HND,764,THA,73,Iron or steel articles,N/A,,
M,340,HND,757,CHE,87,"Vehicles; other than railway or tramway rolling stock, and parts and accessories thereof",N/A,,
M,340,HND,757,CHE,90,"Optical, photographic, cinematographic, measuring, checking, medical or surgical instruments and apparatus; parts and accessories",N/A,,
M,340,HND,757,CHE,91,Clocks and watches and parts thereof,N/A,,
M,340,HND,757,CHE,94,"Furniture; bedding, mattresses, mattress supports, cushions and similar stuffed furnishings; lamps and lighting fittings, n.e.c.; illuminated signs, illuminated name-plates and the like; prefabricated buildings",N/A,,
M,340,HND,757,CHE,95,"Toys, games and sports requisites; parts and accessories thereof",N/A,,
M,340,HND,757,CHE,96,Miscellaneous manufactured articles,N/A,,
M,340,HND,757,CHE,49,"Printed books, newspapers, pictures and other products of the printing industry; manuscripts, typescripts and plans",N/A,,
M,340,HND,764,THA,06,"Trees and other plants, live; bulbs, roots and the like; cut flowers and ornamental foliage",N/A,,
M,340,HND,764,THA,09,"Coffee, tea, mate and spices",N/A,,
M,340,HND,764,THA,11,"Products of the milling industry; malt, starches, inulin, wheat gluten",N/A,,
M,340,HND,764,THA,12,"Oil seeds and oleaginous fruits; miscellaneous grains, seeds and fruit, industrial or medicinal plants; straw and fodder",N/A,,
M,340,HND,764,THA,15,Animal or vegetable fats and oils and their cleavage products; prepared animal fats; animal or vegetable waxes,N/A,,
M,340,HND,764,THA,16,"Meat, fish or crustaceans, molluscs or other aquatic invertebrates; preparations thereof",N/A,,
M,340,HND,764,THA,19,"Preparations of cereals, flour, starch or milk; pastrycooks' products",N/A,,
M,340,HND,764,THA,20,"Preparations of vegetables, fruit, nuts or other parts of plants",N/A,,
M,340,HND,764,THA,21,Miscellaneous edible preparations,N/A,,
M,340,HND,764,THA,22,"Beverages, spirits and vinegar",N/A,,
M,340,HND,764,THA,30,Pharmaceutical products,N/A,,
M,340,HND,764,THA,32,"Tanning or dyeing extracts; tannins and their derivatives; dyes, pigments and other colouring matter; paints, varnishes; putty, other mastics; inks",N/A,,
M,340,HND,764,THA,33,"Essential oils and resinoids; perfumery, cosmetic or toilet preparations",N/A,,
M,340,HND,764,THA,34,"Soap, organic surface-active agents; washing, lubricating, polishing or scouring preparations; artificial or prepared waxes, candles and similar articles, modelling pastes, dental waxes and dental preparations with a basis of plaster",N/A,,
M,340,HND,764,THA,35,Albuminoidal substances; modified starches; glues; enzymes,N/A,,
M,340,HND,764,THA,37,Photographic or cinematographic goods,N/A,,
M,340,HND,764,THA,38,Chemical products n.e.c.,N/A,,
M,340,HND,764,THA,40,Rubber and articles thereof,N/A,,
M,340,HND,764,THA,90,"Optical, photographic, cinematographic, measuring, checking, medical or surgical instruments and apparatus; parts and accessories",N/A,,
M,340,HND,764,THA,42,"Articles of leather; saddlery and harness; travel goods, handbags and similar containers; articles of animal gut (other than silk-worm gut)",N/A,,
M,340,HND,764,THA,92,Musical instruments; parts and accessories of such articles,N/A,,
M,340,HND,764,THA,44,Wood and articles of wood; wood charcoal,N/A,,
M,340,HND,764,THA,48,"Paper and paperboard; articles of paper pulp, of paper or paperboard",N/A,,
M,340,HND,764,THA,49,"Printed books, newspapers, pictures and other products of the printing industry; manuscripts, typescripts and plans",N/A,,
M,340,HND,764,THA,61,Apparel and clothing accessories; knitted or crocheted,N/A,,
M,340,HND,764,THA,62,Apparel and clothing accessories; not knitted or crocheted,N/A,,
M,340,HND,780,TTO,48,"Paper and paperboard; articles of paper pulp, of paper or paperboard",N/A,,
M,340,HND,780,TTO,49,"Printed books, newspapers, pictures and other products of the printing industry; manuscripts, typescripts and plans",N/A,,
M,340,HND,780,TTO,59,"Textile fabrics; impregnated, coated, covered or laminated; textile articles of a kind suitable for industrial use",N/A,,
M,340,HND,780,TTO,62,Apparel and clothing accessories; not knitted or crocheted,N/A,,
M,340,HND,780,TTO,70,Glass and glassware,N/A,,
M,340,HND,764,THA,63,"Textiles, made up articles; sets; worn clothing and worn textile articles; rags",N/A,,
M,340,HND,764,THA,64,Footwear; gaiters and the like; parts of such articles,N/A,,
M,340,HND,764,THA,65,Headgear and parts thereof,N/A,,
M,340,HND,764,THA,68,"Stone, plaster, cement, asbestos, mica or similar materials; articles thereof",N/A,,
M,340,HND,764,THA,70,Glass and glassware,N/A,,
M,340,HND,764,THA,71,"Natural, cultured pearls; precious, semi-precious stones; precious metals, metals clad with precious metal, and articles thereof; imitation jewellery; coin",N/A,,
M,340,HND,764,THA,82,"Tools, implements, cutlery, spoons and forks, of base metal; parts thereof, of base metal",N/A,,
M,340,HND,764,THA,83,Metal; miscellaneous products of base metal,N/A,,
M,340,HND,764,THA,84,"Nuclear reactors, boilers, machinery and mechanical appliances; parts thereof",N/A,,
M,340,HND,788,TUN,84,"Nuclear reactors, boilers, machinery and mechanical appliances; parts thereof",N/A,,
M,340,HND,792,TUR,18,Cocoa and cocoa preparations,N/A,,
M,340,HND,792,TUR,19,"Preparations of cereals, flour, starch or milk; pastrycooks' products",N/A,,
M,340,HND,792,TUR,20,"Preparations of vegetables, fruit, nuts or other parts of plants",N/A,,
M,340,HND,792,TUR,22,"Beverages, spirits and vinegar",N/A,,
M,340,HND,760,SYR,61,Apparel and clothing accessories; knitted or crocheted,N/A,,
M,340,HND,764,THA,03,"Fish and crustaceans, molluscs and other aquatic invertebrates",N/A,,
M,340,HND,764,THA,04,"Dairy produce; birds' eggs; natural honey; edible products of animal origin, not elsewhere specified or included",N/A,,
M,340,HND,792,TUR,39,Plastics and articles thereof,N/A,,
M,340,HND,764,THA,85,"Electrical machinery and equipment and parts thereof; sound recorders and reproducers; television image and sound recorders and reproducers, parts and accessories of such articles",N/A,,
M,340,HND,792,TUR,59,"Textile fabrics; impregnated, coated, covered or laminated; textile articles of a kind suitable for industrial use",N/A,,
M,340,HND,792,TUR,60,Fabrics; knitted or crocheted,N/A,,
M,340,HND,792,TUR,61,Apparel and clothing accessories; knitted or crocheted,N/A,,
M,340,HND,792,TUR,62,Apparel and clothing accessories; not knitted or crocheted,N/A,,
M,340,HND,764,THA,87,"Vehicles; other than railway or tramway rolling stock, and parts and accessories thereof",N/A,,
M,340,HND,792,TUR,63,"Textiles, made up articles; sets; worn clothing and worn textile articles; rags",N/A,,
M,340,HND,792,TUR,65,Headgear and parts thereof,N/A,,
M,340,HND,764,THA,91,Clocks and watches and parts thereof,N/A,,
M,340,HND,764,THA,94,"Furniture; bedding, mattresses, mattress supports, cushions and similar stuffed furnishings; lamps and lighting fittings, n.e.c.; illuminated signs, illuminated name-plates and the like; prefabricated buildings",N/A,,
M,340,HND,764,THA,95,"Toys, games and sports requisites; parts and accessories thereof",N/A,,
M,340,HND,764,THA,96,Miscellaneous manufactured articles,N/A,,
M,340,HND,792,TUR,82,"Tools, implements, cutlery, spoons and forks, of base metal; parts thereof, of base metal",N/A,,
M,340,HND,792,TUR,83,Metal; miscellaneous products of base metal,N/A,,
M,340,HND,792,TUR,84,"Nuclear reactors, boilers, machinery and mechanical appliances; parts thereof",N/A,,
M,340,HND,780,TTO,23,"Food industries, residues and wastes thereof; prepared animal fodder",N/A,,
M,340,HND,780,TTO,24,Tobacco and manufactured tobacco substitutes,N/A,,
M,340,HND,780,TTO,29,Organic chemicals,N/A,,
M,340,HND,780,TTO,31,Fertilizers,N/A,,
M,340,HND,780,TTO,38,Chemical products n.e.c.,N/A,,
M,340,HND,780,TTO,39,Plastics and articles thereof,N/A,,
M,340,HND,780,TTO,44,Wood and articles of wood; wood charcoal,N/A,,
M,340,HND,780,TTO,73,Iron or steel articles,N/A,,
M,340,HND,792,TUR,90,"Optical, photographic, cinematographic, measuring, checking, medical or surgical instruments and apparatus; parts and accessories",N/A,,
M,340,HND,780,TTO,84,"Nuclear reactors, boilers, machinery and mechanical appliances; parts thereof",N/A,,
M,340,HND,780,TTO,85,"Electrical machinery and equipment and parts thereof; sound recorders and reproducers; television image and sound recorders and reproducers, parts and accessories of such articles",N/A,,
M,340,HND,804,UKR,29,Organic chemicals,N/A,,
M,340,HND,804,UKR,30,Pharmaceutical products,N/A,,
M,340,HND,780,TTO,87,"Vehicles; other than railway or tramway rolling stock, and parts and accessories thereof",N/A,,
M,340,HND,804,UKR,62,Apparel and clothing accessories; not knitted or crocheted,N/A,,
M,340,HND,804,UKR,72,Iron and steel,N/A,,
M,340,HND,780,TTO,94,"Furniture; bedding, mattresses, mattress supports, cushions and similar stuffed furnishings; lamps and lighting fittings, n.e.c.; illuminated signs, illuminated name-plates and the like; prefabricated buildings",N/A,,
M,340,HND,784,ARE,09,"Coffee, tea, mate and spices",N/A,,
M,340,HND,784,ARE,19,"Preparations of cereals, flour, starch or milk; pastrycooks' products",N/A,,
M,340,HND,784,ARE,25,"Salt; sulphur; earths, stone; plastering materials, lime and cement",N/A,,
M,340,HND,784,ARE,30,Pharmaceutical products,N/A,,
M,340,HND,784,ARE,32,"Tanning or dyeing extracts; tannins and their derivatives; dyes, pigments and other colouring matter; paints, varnishes; putty, other mastics; inks",N/A,,
M,340,HND,784,ARE,39,Plastics and articles thereof,N/A,,
M,340,HND,784,ARE,42,"Articles of leather; saddlery and harness; travel goods, handbags and similar containers; articles of animal gut (other than silk-worm gut)",N/A,,
M,340,HND,784,ARE,48,"Paper and paperboard; articles of paper pulp, of paper or paperboard",N/A,,
M,340,HND,784,ARE,49,"Printed books, newspapers, pictures and other products of the printing industry; manuscripts, typescripts and plans",N/A,,
M,340,HND,784,ARE,62,Apparel and clothing accessories; not knitted or crocheted,N/A,,
M,340,HND,784,ARE,63,"Textiles, made up articles; sets; worn clothing and worn textile articles; rags",N/A,,
M,340,HND,784,ARE,70,Glass and glassware,N/A,,
M,340,HND,784,ARE,84,"Nuclear reactors, boilers, machinery and mechanical appliances; parts thereof",N/A,,
M,340,HND,784,ARE,85,"Electrical machinery and equipment and parts thereof; sound recorders and reproducers; television image and sound recorders and reproducers, parts and accessories of such articles",N/A,,
M,340,HND,784,ARE,94,"Furniture; bedding, mattresses, mattress supports, cushions and similar stuffed furnishings; lamps and lighting fittings, n.e.c.; illuminated signs, illuminated name-plates and the like; prefabricated buildings",N/A,,
M,340,HND,784,ARE,95,"Toys, games and sports requisites; parts and accessories thereof",N/A,,
M,340,HND,784,ARE,96,Miscellaneous manufactured articles,N/A,,
M,340,HND,788,TUN,39,Plastics and articles thereof,N/A,,
M,340,HND,788,TUN,61,Apparel and clothing accessories; knitted or crocheted,N/A,,
M,340,HND,788,TUN,62,Apparel and clothing accessories; not knitted or crocheted,N/A,,
M,340,HND,826,GBR,21,Miscellaneous edible preparations,N/A,,
M,340,HND,826,GBR,22,"Beverages, spirits and vinegar",N/A,,
M,340,HND,792,TUR,09,"Coffee, tea, mate and spices",N/A,,
M,340,HND,826,GBR,27,"Mineral fuels, mineral oils and products of their distillation; bituminous substances; mineral waxes",N/A,,
M,340,HND,792,TUR,15,Animal or vegetable fats and oils and their cleavage products; prepared animal fats; animal or vegetable waxes,N/A,,
M,340,HND,792,TUR,34,"Soap, organic surface-active agents; washing, lubricating, polishing or scouring preparations; artificial or prepared waxes, candles and similar articles, modelling pastes, dental waxes and dental preparations with a basis of plaster",N/A,,
M,340,HND,792,TUR,40,Rubber and articles thereof,N/A,,
M,340,HND,792,TUR,42,"Articles of leather; saddlery and harness; travel goods, handbags and similar containers; articles of animal gut (other than silk-worm gut)",N/A,,
M,340,HND,792,TUR,48,"Paper and paperboard; articles of paper pulp, of paper or paperboard",N/A,,
M,340,HND,792,TUR,49,"Printed books, newspapers, pictures and other products of the printing industry; manuscripts, typescripts and plans",N/A,,
M,340,HND,792,TUR,52,Cotton,N/A,,
M,340,HND,792,TUR,53,Vegetable textile fibres; paper yarn and woven fabrics of paper yarn,N/A,,
M,340,HND,792,TUR,55,Man-made staple fibres,N/A,,
M,340,HND,792,TUR,56,"Wadding, felt and nonwovens, special yarns; twine, cordage, ropes and cables and articles thereof",N/A,,
M,340,HND,792,TUR,57,Carpets and other textile floor coverings,N/A,,
M,340,HND,792,TUR,58,"Fabrics; special woven fabrics, tufted textile fabrics, lace, tapestries, trimmings, embroidery",N/A,,
M,340,HND,792,TUR,68,"Stone, plaster, cement, asbestos, mica or similar materials; articles thereof",N/A,,
M,340,HND,792,TUR,69,Ceramic products,N/A,,
M,340,HND,792,TUR,70,Glass and glassware,N/A,,
M,340,HND,792,TUR,72,Iron and steel,N/A,,
M,340,HND,826,GBR,49,"Printed books, newspapers, pictures and other products of the printing industry; manuscripts, typescripts and plans",N/A,,
M,340,HND,792,TUR,73,Iron or steel articles,N/A,,
M,340,HND,780,TTO,27,"Mineral fuels, mineral oils and products of their distillation; bituminous substances; mineral waxes",N/A,,
M,340,HND,780,TTO,28,"Inorganic chemicals; organic and inorganic compounds of precious metals; of rare earth metals, of radio-active elements and of isotopes",N/A,,
M,340,HND,792,TUR,85,"Electrical machinery and equipment and parts thereof; sound recorders and reproducers; television image and sound recorders and reproducers, parts and accessories of such articles",N/A,,
M,340,HND,792,TUR,87,"Vehicles; other than railway or tramway rolling stock, and parts and accessories thereof",N/A,,
M,340,HND,792,TUR,93,Arms and ammunition; parts and accessories thereof,N/A,,
M,340,HND,792,TUR,94,"Furniture; bedding, mattresses, mattress supports, cushions and similar stuffed furnishings; lamps and lighting fittings, n.e.c.; illuminated signs, illuminated name-plates and the like; prefabricated buildings",N/A,,
M,340,HND,792,TUR,96,Miscellaneous manufactured articles,N/A,,
M,340,HND,800,UGA,24,Tobacco and manufactured tobacco substitutes,N/A,,
M,340,HND,804,UKR,31,Fertilizers,N/A,,
M,340,HND,804,UKR,32,"Tanning or dyeing extracts; tannins and their derivatives; dyes, pigments and other colouring matter; paints, varnishes; putty, other mastics; inks",N/A,,
M,340,HND,804,UKR,48,"Paper and paperboard; articles of paper pulp, of paper or paperboard",N/A,,
M,340,HND,804,UKR,61,Apparel and clothing accessories; knitted or crocheted,N/A,,
M,340,HND,804,UKR,73,Iron or steel articles,N/A,,
M,340,HND,804,UKR,84,"Nuclear reactors, boilers, machinery and mechanical appliances; parts thereof",N/A,,
M,340,HND,804,UKR,87,"Vehicles; other than railway or tramway rolling stock, and parts and accessories thereof",N/A,,
M,340,HND,804,UKR,88,"Aircraft, spacecraft and parts thereof",N/A,,
M,340,HND,818,EGY,07,Vegetables and certain roots and tubers; edible,N/A,,
M,340,HND,818,EGY,09,"Coffee, tea, mate and spices",N/A,,
M,340,HND,818,EGY,12,"Oil seeds and oleaginous fruits; miscellaneous grains, seeds and fruit, industrial or medicinal plants; straw and fodder",N/A,,
M,340,HND,818,EGY,39,Plastics and articles thereof,N/A,,
M,340,HND,818,EGY,42,"Articles of leather; saddlery and harness; travel goods, handbags and similar containers; articles of animal gut (other than silk-worm gut)",N/A,,
M,340,HND,818,EGY,57,Carpets and other textile floor coverings,N/A,,
M,340,HND,818,EGY,61,Apparel and clothing accessories; knitted or crocheted,N/A,,
M,340,HND,818,EGY,62,Apparel and clothing accessories; not knitted or crocheted,N/A,,
M,340,HND,818,EGY,63,"Textiles, made up articles; sets; worn clothing and worn textile articles; rags",N/A,,
M,340,HND,818,EGY,90,"Optical, photographic, cinematographic, measuring, checking, medical or surgical instruments and apparatus; parts and accessories",N/A,,
M,340,HND,826,GBR,04,"Dairy produce; birds' eggs; natural honey; edible products of animal origin, not elsewhere specified or included",N/A,,
M,340,HND,826,GBR,09,"Coffee, tea, mate and spices",N/A,,
M,340,HND,826,GBR,10,Cereals,N/A,,
M,340,HND,826,GBR,23,"Food industries, residues and wastes thereof; prepared animal fodder",N/A,,
M,340,HND,826,GBR,25,"Salt; sulphur; earths, stone; plastering materials, lime and cement",N/A,,
M,340,HND,826,GBR,28,"Inorganic chemicals; organic and inorganic compounds of precious metals; of rare earth metals, of radio-active elements and of isotopes",N/A,,
M,340,HND,826,GBR,29,Organic chemicals,N/A,,
M,340,HND,792,TUR,25,"Salt; sulphur; earths, stone; plastering materials, lime and cement",N/A,,
M,340,HND,792,TUR,27,"Mineral fuels, mineral oils and products of their distillation; bituminous substances; mineral waxes",N/A,,
M,340,HND,792,TUR,28,"Inorganic chemicals; organic and inorganic compounds of precious metals; of rare earth metals, of radio-active elements and of isotopes",N/A,,
M,340,HND,792,TUR,30,Pharmaceutical products,N/A,,
M,340,HND,792,TUR,33,"Essential oils and resinoids; perfumery, cosmetic or toilet preparations",N/A,,
M,340,HND,826,GBR,32,"Tanning or dyeing extracts; tannins and their derivatives; dyes, pigments and other colouring matter; paints, varnishes; putty, other mastics; inks",N/A,,
M,340,HND,826,GBR,33,"Essential oils and resinoids; perfumery, cosmetic or toilet preparations",N/A,,
M,340,HND,826,GBR,34,"Soap, organic surface-active agents; washing, lubricating, polishing or scouring preparations; artificial or prepared waxes, candles and similar articles, modelling pastes, dental waxes and dental preparations with a basis of plaster",N/A,,
M,340,HND,826,GBR,35,Albuminoidal substances; modified starches; glues; enzymes,N/A,,
M,340,HND,826,GBR,38,Chemical products n.e.c.,N/A,,
M,340,HND,826,GBR,39,Plastics and articles thereof,N/A,,
M,340,HND,826,GBR,40,Rubber and articles thereof,N/A,,
M,340,HND,826,GBR,42,"Articles of leather; saddlery and harness; travel goods, handbags and similar containers; articles of animal gut (other than silk-worm gut)",N/A,,
M,340,HND,826,GBR,44,Wood and articles of wood; wood charcoal,N/A,,
M,340,HND,826,GBR,48,"Paper and paperboard; articles of paper pulp, of paper or paperboard",N/A,,
M,340,HND,826,GBR,52,Cotton,N/A,,
M,340,HND,826,GBR,54,Man-made filaments; strip and the like of man-made textile materials,N/A,,
M,340,HND,826,GBR,56,"Wadding, felt and nonwovens, special yarns; twine, cordage, ropes and cables and articles thereof",N/A,,
M,340,HND,826,GBR,58,"Fabrics; special woven fabrics, tufted textile fabrics, lace, tapestries, trimmings, embroidery",N/A,,
M,340,HND,826,GBR,59,"Textile fabrics; impregnated, coated, covered or laminated; textile articles of a kind suitable for industrial use",N/A,,
M,340,HND,826,GBR,61,Apparel and clothing accessories; knitted or crocheted,N/A,,
M,340,HND,826,GBR,62,Apparel and clothing accessories; not knitted or crocheted,N/A,,
M,340,HND,826,GBR,63,"Textiles, made up articles; sets; worn clothing and worn textile articles; rags",N/A,,
M,340,HND,826,GBR,64,Footwear; gaiters and the like; parts of such articles,N/A,,
M,340,HND,826,GBR,66,"Umbrellas, sun umbrellas, walking-sticks, seat sticks, whips, riding crops; and parts thereof",N/A,,
M,340,HND,826,GBR,67,"Feathers and down, prepared; and articles made of feather or of down; artificial flowers; articles of human hair",N/A,,
M,340,HND,826,GBR,68,"Stone, plaster, cement, asbestos, mica or similar materials; articles thereof",N/A,,
M,340,HND,826,GBR,70,Glass and glassware,N/A,,
M,340,HND,826,GBR,72,Iron and steel,N/A,,
M,340,HND,842,USA,01,Animals; live,N/A,,
M,340,HND,826,GBR,73,Iron or steel articles,N/A,,
M,340,HND,826,GBR,79,Zinc and articles thereof,N/A,,
M,340,HND,826,GBR,82,"Tools, implements, cutlery, spoons and forks, of base metal; parts thereof, of base metal",N/A,,
M,340,HND,826,GBR,83,Metal; miscellaneous products of base metal,N/A,,
M,340,HND,826,GBR,84,"Nuclear reactors, boilers, machinery and mechanical appliances; parts thereof",N/A,,
M,340,HND,826,GBR,30,Pharmaceutical products,N/A,,
M,340,HND,826,GBR,85,"Electrical machinery and equipment and parts thereof; sound recorders and reproducers; television image and sound recorders and reproducers, parts and accessories of such articles",N/A,,
M,340,HND,826,GBR,87,"Vehicles; other than railway or tramway rolling stock, and parts and accessories thereof",N/A,,
M,340,HND,826,GBR,89,"Ships, boats and floating structures",N/A,,
M,340,HND,826,GBR,90,"Optical, photographic, cinematographic, measuring, checking, medical or surgical instruments and apparatus; parts and accessories",N/A,,
M,340,HND,826,GBR,91,Clocks and watches and parts thereof,N/A,,
M,340,HND,826,GBR,94,"Furniture; bedding, mattresses, mattress supports, cushions and similar stuffed furnishings; lamps and lighting fittings, n.e.c.; illuminated signs, illuminated name-plates and the like; prefabricated buildings",N/A,,
M,340,HND,826,GBR,95,"Toys, games and sports requisites; parts and accessories thereof",N/A,,
M,340,HND,826,GBR,96,Miscellaneous manufactured articles,N/A,,
M,340,HND,826,GBR,97,Works of art; collectors' pieces and antiques,N/A,,
M,340,HND,842,USA,02,Meat and edible meat offal,N/A,,
M,340,HND,842,USA,03,"Fish and crustaceans, molluscs and other aquatic invertebrates",N/A,,
M,340,HND,842,USA,05,Animal originated products; not elsewhere specified or included,N/A,,
M,340,HND,842,USA,06,"Trees and other plants, live; bulbs, roots and the like; cut flowers and ornamental foliage",N/A,,
M,340,HND,842,USA,07,Vegetables and certain roots and tubers; edible,N/A,,
M,340,HND,842,USA,08,"Fruit and nuts, edible; peel of citrus fruit or melons",N/A,,
M,340,HND,842,USA,09,"Coffee, tea, mate and spices",N/A,,
M,340,HND,842,USA,10,Cereals,N/A,,
M,340,HND,842,USA,11,"Products of the milling industry; malt, starches, inulin, wheat gluten",N/A,,
M,340,HND,842,USA,12,"Oil seeds and oleaginous fruits; miscellaneous grains, seeds and fruit, industrial or medicinal plants; straw and fodder",N/A,,
M,340,HND,842,USA,13,"Lac; gums, resins and other vegetable saps and extracts",N/A,,
M,340,HND,842,USA,14,Vegetable plaiting materials; vegetable products not elsewhere specified or included,N/A,,
M,340,HND,842,USA,15,Animal or vegetable fats and oils and their cleavage products; prepared animal fats; animal or vegetable waxes,N/A,,
M,340,HND,842,USA,04,"Dairy produce; birds' eggs; natural honey; edible products of animal origin, not elsewhere specified or included",N/A,,
M,340,HND,842,USA,16,"Meat, fish or crustaceans, molluscs or other aquatic invertebrates; preparations thereof",N/A,,
M,340,HND,842,USA,17,Sugars and sugar confectionery,N/A,,
M,340,HND,842,USA,18,Cocoa and cocoa preparations,N/A,,
M,340,HND,842,USA,19,"Preparations of cereals, flour, starch or milk; pastrycooks' products",N/A,,
M,340,HND,842,USA,20,"Preparations of vegetables, fruit, nuts or other parts of plants",N/A,,
M,340,HND,842,USA,21,Miscellaneous edible preparations,N/A,,
M,340,HND,842,USA,22,"Beverages, spirits and vinegar",N/A,,
M,340,HND,842,USA,23,"Food industries, residues and wastes thereof; prepared animal fodder",N/A,,
M,340,HND,842,USA,24,Tobacco and manufactured tobacco substitutes,N/A,,
M,340,HND,842,USA,25,"Salt; sulphur; earths, stone; plastering materials, lime and cement",N/A,,
M,340,HND,842,USA,26,"Ores, slag and ash",N/A,,
M,340,HND,842,USA,27,"Mineral fuels, mineral oils and products of their distillation; bituminous substances; mineral waxes",N/A,,
M,340,HND,842,USA,28,"Inorganic chemicals; organic and inorganic compounds of precious metals; of rare earth metals, of radio-active elements and of isotopes",N/A,,
M,340,HND,842,USA,29,Organic chemicals,N/A,,
M,340,HND,842,USA,30,Pharmaceutical products,N/A,,
M,340,HND,842,USA,31,Fertilizers,N/A,,
M,340,HND,842,USA,32,"Tanning or dyeing extracts; tannins and their derivatives; dyes, pigments and other colouring matter; paints, varnishes; putty, other mastics; inks",N/A,,
M,340,HND,842,USA,33,"Essential oils and resinoids; perfumery, cosmetic or toilet preparations",N/A,,
M,340,HND,842,USA,34,"Soap, organic surface-active agents; washing, lubricating, polishing or scouring preparations; artificial or prepared waxes, candles and similar articles, modelling pastes, dental waxes and dental preparations with a basis of plaster",N/A,,
M,340,HND,842,USA,35,Albuminoidal substances; modified starches; glues; enzymes,N/A,,
M,340,HND,842,USA,36,Explosives; pyrotechnic products; matches; pyrophoric alloys; certain combustible preparations,N/A,,
M,340,HND,842,USA,37,Photographic or cinematographic goods,N/A,,
M,340,HND,842,USA,38,Chemical products n.e.c.,N/A,,
M,340,HND,842,USA,39,Plastics and articles thereof,N/A,,
M,340,HND,842,USA,41,Raw hides and skins (other than furskins) and leather,N/A,,
M,340,HND,842,USA,42,"Articles of leather; saddlery and harness; travel goods, handbags and similar containers; articles of animal gut (other than silk-worm gut)",N/A,,
M,340,HND,842,USA,43,Furskins and artificial fur; manufactures thereof,N/A,,
M,340,HND,842,USA,44,Wood and articles of wood; wood charcoal,N/A,,
M,340,HND,842,USA,45,Cork and articles of cork,N/A,,
M,340,HND,842,USA,46,"Manufactures of straw, esparto or other plaiting materials; basketware and wickerwork",N/A,,
M,340,HND,842,USA,47,Pulp of wood or other fibrous cellulosic material; recovered (waste and scrap) paper or paperboard,N/A,,
M,340,HND,842,USA,48,"Paper and paperboard; articles of paper pulp, of paper or paperboard",N/A,,
M,340,HND,842,USA,61,Apparel and clothing accessories; knitted or crocheted,N/A,,
M,340,HND,842,USA,50,Silk,N/A,,
M,340,HND,842,USA,40,Rubber and articles thereof,N/A,,
M,340,HND,842,USA,53,Vegetable textile fibres; paper yarn and woven fabrics of paper yarn,N/A,,
M,340,HND,842,USA,54,Man-made filaments; strip and the like of man-made textile materials,N/A,,
M,340,HND,842,USA,55,Man-made staple fibres,N/A,,
M,340,HND,842,USA,56,"Wadding, felt and nonwovens, special yarns; twine, cordage, ropes and cables and articles thereof",N/A,,
M,340,HND,842,USA,57,Carpets and other textile floor coverings,N/A,,
M,340,HND,842,USA,58,"Fabrics; special woven fabrics, tufted textile fabrics, lace, tapestries, trimmings, embroidery",N/A,,
M,340,HND,842,USA,59,"Textile fabrics; impregnated, coated, covered or laminated; textile articles of a kind suitable for industrial use",N/A,,
M,340,HND,842,USA,60,Fabrics; knitted or crocheted,N/A,,
M,340,HND,842,USA,49,"Printed books, newspapers, pictures and other products of the printing industry; manuscripts, typescripts and plans",N/A,,
M,340,HND,842,USA,51,"Wool, fine or coarse animal hair; horsehair yarn and woven fabric",N/A,,
M,340,HND,842,USA,52,Cotton,N/A,,
M,340,HND,842,USA,62,Apparel and clothing accessories; not knitted or crocheted,N/A,,
M,340,HND,842,USA,63,"Textiles, made up articles; sets; worn clothing and worn textile articles; rags",N/A,,
M,340,HND,842,USA,64,Footwear; gaiters and the like; parts of such articles,N/A,,
M,340,HND,842,USA,65,Headgear and parts thereof,N/A,,
M,340,HND,842,USA,66,"Umbrellas, sun umbrellas, walking-sticks, seat sticks, whips, riding crops; and parts thereof",N/A,,
M,340,HND,842,USA,67,"Feathers and down, prepared; and articles made of feather or of down; artificial flowers; articles of human hair",N/A,,
M,340,HND,842,USA,68,"Stone, plaster, cement, asbestos, mica or similar materials; articles thereof",N/A,,
M,340,HND,842,USA,70,Glass and glassware,N/A,,
M,340,HND,842,USA,71,"Natural, cultured pearls; precious, semi-precious stones; precious metals, metals clad with precious metal, and articles thereof; imitation jewellery; coin",N/A,,
M,340,HND,842,USA,72,Iron and steel,N/A,,
M,340,HND,842,USA,73,Iron or steel articles,N/A,,
M,340,HND,842,USA,84,"Nuclear reactors, boilers, machinery and mechanical appliances; parts thereof",N/A,,
M,340,HND,842,USA,69,Ceramic products,N/A,,
M,340,HND,842,USA,74,Copper and articles thereof,N/A,,
M,340,HND,842,USA,75,Nickel and articles thereof,N/A,,
M,340,HND,842,USA,76,Aluminium and articles thereof,N/A,,
M,340,HND,842,USA,78,Lead and articles thereof,N/A,,
M,340,HND,842,USA,79,Zinc and articles thereof,N/A,,
M,340,HND,842,USA,80,Tin; articles thereof,N/A,,
M,340,HND,842,USA,81,"Metals; n.e.c., cermets and articles thereof",N/A,,
M,340,HND,842,USA,82,"Tools, implements, cutlery, spoons and forks, of base metal; parts thereof, of base metal",N/A,,
M,340,HND,842,USA,83,Metal; miscellaneous products of base metal,N/A,,
M,340,HND,842,USA,85,"Electrical machinery and equipment and parts thereof; sound recorders and reproducers; television image and sound recorders and reproducers, parts and accessories of such articles",N/A,,
M,340,HND,842,USA,89,"Ships, boats and floating structures",N/A,,
M,340,HND,842,USA,86,"Railway, tramway locomotives, rolling-stock and parts thereof; railway or tramway track fixtures and fittings and parts thereof; mechanical (including electro-mechanical) traffic signalling equipment of all kinds",N/A,,
M,340,HND,842,USA,87,"Vehicles; other than railway or tramway rolling stock, and parts and accessories thereof",N/A,,
M,340,HND,842,USA,88,"Aircraft, spacecraft and parts thereof",N/A,,
M,340,HND,842,USA,90,"Optical, photographic, cinematographic, measuring, checking, medical or surgical instruments and apparatus; parts and accessories",N/A,,
M,340,HND,858,URY,62,Apparel and clothing accessories; not knitted or crocheted,N/A,,
M,340,HND,842,USA,91,Clocks and watches and parts thereof,N/A,,
M,340,HND,842,USA,92,Musical instruments; parts and accessories of such articles,N/A,,
M,340,HND,862,VEN,32,"Tanning or dyeing extracts; tannins and their derivatives; dyes, pigments and other colouring matter; paints, varnishes; putty, other mastics; inks",N/A,,
M,340,HND,842,USA,93,Arms and ammunition; parts and accessories thereof,N/A,,
M,340,HND,842,USA,94,"Furniture; bedding, mattresses, mattress supports, cushions and similar stuffed furnishings; lamps and lighting fittings, n.e.c.; illuminated signs, illuminated name-plates and the like; prefabricated buildings",N/A,,
M,340,HND,842,USA,95,"Toys, games and sports requisites; parts and accessories thereof",N/A,,
M,340,HND,862,VEN,61,Apparel and clothing accessories; knitted or crocheted,N/A,,
M,340,HND,862,VEN,62,Apparel and clothing accessories; not knitted or crocheted,N/A,,
M,340,HND,862,VEN,63,"Textiles, made up articles; sets; worn clothing and worn textile articles; rags",N/A,,
M,340,HND,842,USA,96,Miscellaneous manufactured articles,N/A,,
M,340,HND,858,URY,10,Cereals,N/A,,
M,340,HND,858,URY,19,"Preparations of cereals, flour, starch or milk; pastrycooks' products",N/A,,
M,340,HND,858,URY,21,Miscellaneous edible preparations,N/A,,
M,340,HND,858,URY,22,"Beverages, spirits and vinegar",N/A,,
M,340,HND,858,URY,29,Organic chemicals,N/A,,
M,340,HND,858,URY,30,Pharmaceutical products,N/A,,
M,340,HND,858,URY,31,Fertilizers,N/A,,
M,340,HND,858,URY,32,"Tanning or dyeing extracts; tannins and their derivatives; dyes, pigments and other colouring matter; paints, varnishes; putty, other mastics; inks",N/A,,
M,340,HND,858,URY,33,"Essential oils and resinoids; perfumery, cosmetic or toilet preparations",N/A,,
M,340,HND,858,URY,34,"Soap, organic surface-active agents; washing, lubricating, polishing or scouring preparations; artificial or prepared waxes, candles and similar articles, modelling pastes, dental waxes and dental preparations with a basis of plaster",N/A,,
M,340,HND,858,URY,37,Photographic or cinematographic goods,N/A,,
M,340,HND,858,URY,38,Chemical products n.e.c.,N/A,,
M,340,HND,858,URY,39,Plastics and articles thereof,N/A,,
M,340,HND,858,URY,42,"Articles of leather; saddlery and harness; travel goods, handbags and similar containers; articles of animal gut (other than silk-worm gut)",N/A,,
M,340,HND,858,URY,48,"Paper and paperboard; articles of paper pulp, of paper or paperboard",N/A,,
M,340,HND,858,URY,49,"Printed books, newspapers, pictures and other products of the printing industry; manuscripts, typescripts and plans",N/A,,
M,340,HND,858,URY,59,"Textile fabrics; impregnated, coated, covered or laminated; textile articles of a kind suitable for industrial use",N/A,,
M,340,HND,858,URY,61,Apparel and clothing accessories; knitted or crocheted,N/A,,
M,340,HND,858,URY,65,Headgear and parts thereof,N/A,,
M,340,HND,858,URY,73,Iron or steel articles,N/A,,
M,340,HND,858,URY,84,"Nuclear reactors, boilers, machinery and mechanical appliances; parts thereof",N/A,,
M,340,HND,899,_X ,25,"Salt; sulphur; earths, stone; plastering materials, lime and cement",N/A,,
M,340,HND,858,URY,85,"Electrical machinery and equipment and parts thereof; sound recorders and reproducers; television image and sound recorders and reproducers, parts and accessories of such articles",N/A,,
M,340,HND,858,URY,94,"Furniture; bedding, mattresses, mattress supports, cushions and similar stuffed furnishings; lamps and lighting fittings, n.e.c.; illuminated signs, illuminated name-plates and the like; prefabricated buildings",N/A,,
M,340,HND,858,URY,96,Miscellaneous manufactured articles,N/A,,
M,340,HND,860,UZB,85,"Electrical machinery and equipment and parts thereof; sound recorders and reproducers; television image and sound recorders and reproducers, parts and accessories of such articles",N/A,,
M,340,HND,862,VEN,19,"Preparations of cereals, flour, starch or milk; pastrycooks' products",N/A,,
M,340,HND,862,VEN,20,"Preparations of vegetables, fruit, nuts or other parts of plants",N/A,,
M,340,HND,862,VEN,22,"Beverages, spirits and vinegar",N/A,,
M,340,HND,862,VEN,25,"Salt; sulphur; earths, stone; plastering materials, lime and cement",N/A,,
M,340,HND,862,VEN,27,"Mineral fuels, mineral oils and products of their distillation; bituminous substances; mineral waxes",N/A,,
M,340,HND,899,_X ,42,"Articles of leather; saddlery and harness; travel goods, handbags and similar containers; articles of animal gut (other than silk-worm gut)",N/A,,
M,340,HND,862,VEN,28,"Inorganic chemicals; organic and inorganic compounds of precious metals; of rare earth metals, of radio-active elements and of isotopes",N/A,,
M,340,HND,862,VEN,30,Pharmaceutical products,N/A,,
M,340,HND,862,VEN,31,Fertilizers,N/A,,
M,340,HND,862,VEN,33,"Essential oils and resinoids; perfumery, cosmetic or toilet preparations",N/A,,
M,340,HND,862,VEN,34,"Soap, organic surface-active agents; washing, lubricating, polishing or scouring preparations; artificial or prepared waxes, candles and similar articles, modelling pastes, dental waxes and dental preparations with a basis of plaster",N/A,,
M,340,HND,862,VEN,37,Photographic or cinematographic goods,N/A,,
M,340,HND,862,VEN,38,Chemical products n.e.c.,N/A,,
M,340,HND,862,VEN,39,Plastics and articles thereof,N/A,,
M,340,HND,899,_X ,64,Footwear; gaiters and the like; parts of such articles,N/A,,
M,340,HND,862,VEN,43,Furskins and artificial fur; manufactures thereof,N/A,,
M,340,HND,862,VEN,46,"Manufactures of straw, esparto or other plaiting materials; basketware and wickerwork",N/A,,
M,340,HND,862,VEN,48,"Paper and paperboard; articles of paper pulp, of paper or paperboard",N/A,,
M,340,HND,862,VEN,49,"Printed books, newspapers, pictures and other products of the printing industry; manuscripts, typescripts and plans",N/A,,
M,340,HND,862,VEN,60,Fabrics; knitted or crocheted,N/A,,
M,340,HND,862,VEN,65,Headgear and parts thereof,N/A,,
M,340,HND,862,VEN,68,"Stone, plaster, cement, asbestos, mica or similar materials; articles thereof",N/A,,
M,340,HND,862,VEN,69,Ceramic products,N/A,,
M,340,HND,862,VEN,70,Glass and glassware,N/A,,
M,340,HND,862,VEN,72,Iron and steel,N/A,,
M,340,HND,862,VEN,73,Iron or steel articles,N/A,,
M,340,HND,862,VEN,74,Copper and articles thereof,N/A,,
M,340,HND,862,VEN,76,Aluminium and articles thereof,N/A,,
M,340,HND,842,USA,97,Works of art; collectors' pieces and antiques,N/A,,
M,340,HND,862,VEN,83,Metal; miscellaneous products of base metal,N/A,,
M,340,HND,862,VEN,84,"Nuclear reactors, boilers, machinery and mechanical appliances; parts thereof",N/A,,
M,340,HND,862,VEN,85,"Electrical machinery and equipment and parts thereof; sound recorders and reproducers; television image and sound recorders and reproducers, parts and accessories of such articles",N/A,,
M,340,HND,862,VEN,87,"Vehicles; other than railway or tramway rolling stock, and parts and accessories thereof",N/A,,
M,340,HND,862,VEN,90,"Optical, photographic, cinematographic, measuring, checking, medical or surgical instruments and apparatus; parts and accessories",N/A,,
M,340,HND,862,VEN,94,"Furniture; bedding, mattresses, mattress supports, cushions and similar stuffed furnishings; lamps and lighting fittings, n.e.c.; illuminated signs, illuminated name-plates and the like; prefabricated buildings",N/A,,
M,340,HND,862,VEN,95,"Toys, games and sports requisites; parts and accessories thereof",N/A,,
M,340,HND,887,YEM,85,"Electrical machinery and equipment and parts thereof; sound recorders and reproducers; television image and sound recorders and reproducers, parts and accessories of such articles",N/A,,
M,340,HND,894,ZMB,48,"Paper and paperboard; articles of paper pulp, of paper or paperboard",N/A,,
M,340,HND,894,ZMB,62,Apparel and clothing accessories; not knitted or crocheted,N/A,,
M,340,HND,894,ZMB,73,Iron or steel articles,N/A,,
M,340,HND,894,ZMB,84,"Nuclear reactors, boilers, machinery and mechanical appliances; parts thereof",N/A,,
M,340,HND,899,_X ,03,"Fish and crustaceans, molluscs and other aquatic invertebrates",N/A,,
M,340,HND,899,_X ,12,"Oil seeds and oleaginous fruits; miscellaneous grains, seeds and fruit, industrial or medicinal plants; straw and fodder",N/A,,
M,340,HND,899,_X ,17,Sugars and sugar confectionery,N/A,,
M,340,HND,899,_X ,18,Cocoa and cocoa preparations,N/A,,
M,340,HND,899,_X ,19,"Preparations of cereals, flour, starch or milk; pastrycooks' products",N/A,,
M,340,HND,899,_X ,20,"Preparations of vegetables, fruit, nuts or other parts of plants",N/A,,
M,340,HND,899,_X ,21,Miscellaneous edible preparations,N/A,,
M,340,HND,899,_X ,22,"Beverages, spirits and vinegar",N/A,,
M,340,HND,899,_X ,24,Tobacco and manufactured tobacco substitutes,N/A,,
M,340,HND,899,_X ,27,"Mineral fuels, mineral oils and products of their distillation; bituminous substances; mineral waxes",N/A,,
M,340,HND,899,_X ,29,Organic chemicals,N/A,,
M,340,HND,899,_X ,30,Pharmaceutical products,N/A,,
M,340,HND,899,_X ,31,Fertilizers,N/A,,
M,340,HND,899,_X ,32,"Tanning or dyeing extracts; tannins and their derivatives; dyes, pigments and other colouring matter; paints, varnishes; putty, other mastics; inks",N/A,,
M,340,HND,899,_X ,33,"Essential oils and resinoids; perfumery, cosmetic or toilet preparations",N/A,,
M,340,HND,899,_X ,34,"Soap, organic surface-active agents; washing, lubricating, polishing or scouring preparations; artificial or prepared waxes, candles and similar articles, modelling pastes, dental waxes and dental preparations with a basis of plaster",N/A,,
M,340,HND,899,_X ,37,Photographic or cinematographic goods,N/A,,
M,340,HND,899,_X ,38,Chemical products n.e.c.,N/A,,
M,340,HND,899,_X ,39,Plastics and articles thereof,N/A,,
M,340,HND,899,_X ,40,Rubber and articles thereof,N/A,,
M,340,HND,899,_X ,44,Wood and articles of wood; wood charcoal,N/A,,
M,340,HND,899,_X ,45,Cork and articles of cork,N/A,,
M,340,HND,899,_X ,48,"Paper and paperboard; articles of paper pulp, of paper or paperboard",N/A,,
M,340,HND,899,_X ,49,"Printed books, newspapers, pictures and other products of the printing industry; manuscripts, typescripts and plans",N/A,,
M,340,HND,899,_X ,52,Cotton,N/A,,
M,340,HND,899,_X ,57,Carpets and other textile floor coverings,N/A,,
M,340,HND,899,_X ,61,Apparel and clothing accessories; knitted or crocheted,N/A,,
M,340,HND,899,_X ,62,Apparel and clothing accessories; not knitted or crocheted,N/A,,
M,340,HND,862,VEN,40,Rubber and articles thereof,N/A,,
M,340,HND,862,VEN,42,"Articles of leather; saddlery and harness; travel goods, handbags and similar containers; articles of animal gut (other than silk-worm gut)",N/A,,
M,340,HND,899,_X ,66,"Umbrellas, sun umbrellas, walking-sticks, seat sticks, whips, riding crops; and parts thereof",N/A,,
M,340,HND,899,_X ,68,"Stone, plaster, cement, asbestos, mica or similar materials; articles thereof",N/A,,
M,340,HND,899,_X ,69,Ceramic products,N/A,,
M,340,HND,899,_X ,70,Glass and glassware,N/A,,
M,340,HND,899,_X ,73,Iron or steel articles,N/A,,
M,340,HND,899,_X ,76,Aluminium and articles thereof,N/A,,
M,340,HND,899,_X ,82,"Tools, implements, cutlery, spoons and forks, of base metal; parts thereof, of base metal",N/A,,
M,340,HND,899,_X ,83,Metal; miscellaneous products of base metal,N/A,,
M,340,HND,899,_X ,84,"Nuclear reactors, boilers, machinery and mechanical appliances; parts thereof",N/A,,
M,340,HND,899,_X ,85,"Electrical machinery and equipment and parts thereof; sound recorders and reproducers; television image and sound recorders and reproducers, parts and accessories of such articles",N/A,,
M,340,HND,899,_X ,87,"Vehicles; other than railway or tramway rolling stock, and parts and accessories thereof",N/A,,
M,340,HND,899,_X ,89,"Ships, boats and floating structures",N/A,,
M,340,HND,899,_X ,90,"Optical, photographic, cinematographic, measuring, checking, medical or surgical instruments and apparatus; parts and accessories",N/A,,
M,340,HND,899,_X ,91,Clocks and watches and parts thereof,N/A,,
M,340,HND,899,_X ,94,"Furniture; bedding, mattresses, mattress supports, cushions and similar stuffed furnishings; lamps and lighting fittings, n.e.c.; illuminated signs, illuminated name-plates and the like; prefabricated buildings",N/A,,
M,340,HND,899,_X ,95,"Toys, games and sports requisites; parts and accessories thereof",N/A,,
M,340,HND,899,_X ,96,Miscellaneous manufactured articles,N/A,,
M,340,HND,899,_X ,97,Works of art; collectors' pieces and antiques,N/A,,
M,340,HND,899,_X ,63,"Textiles, made up articles; sets; worn clothing and worn textile articles; rags",N/A,,
